1	2	1
3	4	1
5	4	1
6	7	1
8	9	1
8	10	1
11	12	1
13	12	1
14	15	1
16	17	1
18	19	1
19	20	1
21	22	1
23	24	1
24	25	1
26	27	1
28	29	1
30	31	1
32	33	1
33	34	1
35	36	1
36	37	1
38	39	1
40	41	1
42	43	1
44	45	1
46	47	1
45	47	1
48	47	1
49	50	1
51	52	1
53	52	1
53	54	1
55	56	1
57	58	1
58	59	1
60	61	1
62	63	1
64	65	1
66	67	1
68	69	1
68	70	1
71	72	1
73	74	1
75	76	1
77	78	1
79	80	1
81	82	1
83	84	1
83	85	1
86	87	1
88	89	1
90	89	1
89	91	1
92	93	1
94	95	1
96	97	1
96	98	1
99	100	1
99	101	1
100	101	1
102	103	1
104	105	1
104	106	1
105	106	1
107	108	1
109	110	1
111	112	1
111	113	1
112	113	1
114	115	1
116	115	1
116	117	1
118	119	1
118	120	1
121	120	1
122	123	1
124	125	1
125	126	1
127	128	1
129	130	1
131	132	1
133	134	1
133	135	1
133	136	1
137	138	1
139	140	1
141	142	1
143	144	1
145	146	1
147	148	1
149	150	1
151	152	1
153	154	1
154	155	1
156	157	1
158	159	1
160	161	1
162	163	1
164	165	1
166	167	1
168	169	1
168	170	1
171	172	1
171	167	1
173	174	1
172	174	1
175	176	1
175	177	1
176	177	1
178	179	1
180	181	1
182	183	1
184	185	1
186	187	1
188	189	1
190	191	1
192	193	1
192	191	1
194	195	1
196	197	1
198	199	1
200	201	1
202	203	1
204	205	1
206	207	1
208	209	1
210	211	1
212	213	1
214	215	1
213	211	1
216	217	1
218	219	1
220	221	1
222	223	1
223	224	1
225	224	1
226	227	1
228	229	1
230	231	1
232	233	1
234	235	1
236	237	1
238	239	1
240	241	1
240	242	1
243	237	1
244	245	1
246	247	1
248	249	1
250	251	1
252	253	1
253	254	1
255	256	1
257	258	1
258	259	1
260	261	1
262	263	1
262	264	1
263	265	1
263	264	1
266	267	1
268	269	1
270	271	1
272	273	1
274	275	1
275	276	1
277	278	1
279	280	1
281	282	1
280	283	1
284	278	1
285	286	1
287	288	1
289	290	1
291	292	1
293	294	1
295	296	1
297	298	1
299	300	1
301	302	1
303	304	1
305	304	1
305	306	1
307	308	1
309	310	1
311	312	1
313	314	1
315	316	1
317	318	1
319	320	1
321	322	1
323	324	1
325	326	1
327	326	1
328	329	1
330	331	1
332	333	1
334	335	1
336	337	1
338	339	1
340	341	1
342	343	1
342	344	1
345	346	1
347	348	1
348	349	1
348	350	1
349	350	1
351	352	1
353	354	1
355	356	1
357	358	1
359	360	1
361	360	1
362	363	1
364	365	1
366	367	1
368	369	1
370	371	1
372	373	1
372	374	1
375	376	1
377	378	1
379	380	1
381	382	1
383	384	1
385	386	1
387	388	1
387	389	1
390	388	1
391	388	1
392	393	1
394	395	1
396	397	1
398	399	1
400	401	1
402	403	1
404	405	1
404	406	1
405	407	1
405	406	1
408	409	1
410	411	1
410	412	1
411	412	1
413	414	1
415	416	1
417	418	1
419	420	1
419	421	1
422	423	1
424	423	1
425	426	1
425	427	1
428	429	1
430	429	1
431	432	1
433	434	1
435	436	1
437	438	1
439	440	1
441	442	1
441	443	1
442	444	1
445	444	1
446	447	1
448	449	1
450	451	1
451	452	1
451	453	1
454	455	1
456	457	1
453	458	1
459	460	1
461	462	1
463	464	1
465	466	1
465	467	1
465	468	1
466	469	1
467	470	1
471	472	1
473	474	1
475	476	1
475	477	1
478	479	1
478	477	1
480	481	1
482	483	1
484	485	1
486	487	1
488	487	1
489	487	1
490	491	1
492	493	1
494	495	1
496	497	1
497	498	1
499	500	1
499	501	1
502	503	1
504	505	1
504	506	1
507	508	1
509	510	1
509	511	1
512	513	1
514	515	1
516	517	1
518	517	1
518	519	1
520	517	1
521	522	1
521	523	1
524	525	1
526	527	1
528	529	1
530	531	1
532	533	1
534	535	1
536	537	1
538	539	1
540	539	1
541	542	1
541	543	1
542	544	1
545	544	1
545	546	1
547	548	1
549	550	1
551	550	1
552	553	1
554	555	1
556	557	1
558	559	1
560	561	1
562	563	1
564	565	1
566	567	1
567	568	1
569	570	1
571	572	1
571	573	1
574	575	1
576	577	1
578	579	1
580	579	1
581	582	1
583	584	1
585	586	1
587	588	1
589	590	1
591	590	1
592	593	1
594	595	1
596	597	1
598	599	1
600	601	1
601	602	1
603	604	1
605	604	1
606	607	1
608	609	1
610	611	1
612	613	1
614	615	1
616	617	1
616	618	1
619	620	1
621	622	1
623	624	1
625	624	1
620	626	1
627	628	1
628	629	1
630	631	1
632	633	1
634	635	1
634	636	1
635	636	1
637	638	1
637	639	1
640	641	1
640	642	1
643	641	1
641	642	1
644	645	1
646	647	1
648	649	1
649	650	1
651	652	1
653	654	1
655	656	1
657	658	1
657	659	1
658	659	1
660	661	1
660	662	1
663	664	1
665	666	1
667	666	1
664	668	1
666	668	1
669	670	1
671	672	1
673	674	1
674	675	1
676	677	1
678	679	1
678	680	1
678	681	1
680	681	1
682	683	1
684	685	1
686	687	1
688	689	1
690	691	1
692	693	1
694	695	1
694	696	1
697	698	1
699	700	1
700	701	1
702	703	1
704	705	1
704	706	1
707	708	1
709	710	1
711	712	1
713	714	1
715	716	1
717	718	1
719	720	1
721	722	1
723	724	1
725	726	1
725	727	1
728	729	1
730	731	1
732	731	1
733	731	1
734	735	1
735	736	1
735	737	1
738	736	1
736	739	1
736	740	1
736	737	1
739	741	1
740	737	1
742	743	1
742	744	1
745	744	1
743	744	1
746	747	1
748	747	1
749	750	1
751	752	1
753	754	1
753	755	1
754	755	1
756	757	1
758	759	1
758	760	1
761	762	1
763	764	1
763	765	1
764	765	1
766	767	1
768	769	1
770	771	1
770	772	1
771	772	1
773	774	1
775	776	1
777	778	1
777	779	1
778	779	1
780	781	1
782	783	1
784	785	1
785	786	1
787	788	1
789	790	1
791	792	1
793	794	1
793	795	1
796	795	1
797	798	1
799	800	1
801	802	1
803	804	1
805	806	1
805	807	1
806	808	1
809	810	1
811	812	1
811	813	1
814	813	1
815	816	1
817	818	1
819	820	1
821	822	1
823	824	1
825	824	1
826	827	1
828	829	1
830	829	1
831	832	1
833	832	1
834	835	1
836	837	1
838	839	1
840	841	1
841	842	1
843	844	1
845	846	1
847	848	1
849	850	1
851	852	1
853	854	1
853	855	1
856	857	1
858	857	1
859	860	1
861	862	1
862	863	1
864	865	1
866	867	1
866	868	1
869	870	1
871	872	1
873	874	1
875	876	1
875	877	1
878	879	1
878	880	1
881	880	1
879	880	1
882	883	1
884	885	1
886	885	1
887	883	1
888	889	1
890	891	1
892	893	1
894	895	1
896	897	1
898	899	1
893	900	1
901	891	1
902	903	1
904	905	1
906	907	1
908	909	1
910	911	1
910	912	1
913	912	1
914	912	1
914	915	1
912	915	1
916	917	1
917	918	1
919	920	1
921	922	1
921	923	1
921	924	1
922	924	1
925	926	1
927	928	1
927	929	1
930	931	1
932	933	1
934	935	1
936	937	1
938	939	1
940	941	1
942	943	1
944	939	1
945	946	1
947	948	1
948	949	1
950	949	1
951	952	1
951	953	1
954	953	1
952	955	1
953	956	1
957	958	1
959	960	1
961	962	1
963	962	1
964	965	1
966	967	1
967	968	1
967	969	1
970	971	1
972	973	1
974	975	1
976	977	1
978	977	1
978	979	1
977	979	1
980	981	1
980	982	1
983	984	1
985	986	1
986	987	1
988	989	1
988	990	1
991	992	1
993	992	1
994	995	1
996	997	1
998	997	1
999	997	1
1000	1001	1
1002	1003	1
1002	1004	1
1005	1006	1
1005	1007	1
1006	1007	1
1008	1009	1
1008	1010	1
1009	1010	1
1011	1012	1
1013	1014	1
1015	1012	1
1015	1016	1
1017	1018	1
1019	1018	1
1020	1021	1
1022	1021	1
1023	1024	1
1023	1025	1
1026	1027	1
1026	1028	1
1029	1028	1
1027	1028	1
1030	1031	1
1032	1033	1
1034	1035	1
1036	1037	1
1038	1039	1
1040	1041	1
1042	1043	1
1044	1045	1
1046	1047	1
1046	1048	1
1049	1050	1
1051	1052	1
1053	1054	1
1055	1056	1
1057	1058	1
1059	1060	1
1059	1061	1
1060	1062	1
1063	1064	1
1065	1066	1
1066	1061	1
1067	1068	1
1069	1070	1
1071	1072	1
1073	1074	1
1075	1076	1
1077	1078	1
1077	1079	1
1077	1080	1
1078	1079	1
1079	1080	1
1081	1082	1
1083	1084	1
1085	1086	1
1087	1088	1
1089	1090	1
1091	1092	1
1093	1094	1
1095	1096	1
1095	1097	1
1096	1097	1
1096	1098	1
1099	1100	1
1101	1102	1
1103	1104	1
1105	1106	1
1107	1106	1
1108	1109	1
1110	1111	1
1110	1112	1
1113	1114	1
1115	1111	1
1116	1117	1
1118	1119	1
1120	1121	1
1120	1122	1
1123	1124	1
1124	1121	1
1125	1126	1
1127	1128	1
1129	1130	1
1131	1132	1
1133	1134	1
1135	1134	1
1136	1137	1
1136	1138	1
1139	1140	1
1141	1142	1
1143	1144	1
1145	1146	1
1147	1148	1
1149	1150	1
1151	1152	1
1153	1154	1
1153	1155	1
1153	1156	1
1157	1158	1
1157	1159	1
1157	1160	1
1161	1159	1
1162	1163	1
1164	1165	1
1166	1167	1
1168	1169	1
1170	1171	1
1172	1169	1
1173	1169	1
1173	1171	1
1169	1174	1
1175	1176	1
1175	1177	1
1176	1178	1
1179	1178	1
1180	1178	1
1181	1182	1
1183	1184	1
1184	1182	1
1185	1186	1
1187	1188	1
1189	1190	1
1191	1192	1
1193	1190	1
1193	1194	1
1192	1195	1
1196	1197	1
1198	1199	1
1200	1201	1
1202	1203	1
1202	1204	1
1205	1206	1
1203	1204	1
1207	1208	1
1209	1210	1
1211	1212	1
1213	1214	1
1213	1215	1
1216	1215	1
1217	1218	1
1219	1220	1
1219	1221	1
1222	1223	1
1224	1225	1
1226	1227	1
1228	1229	1
1230	1231	1
1232	1233	1
1234	1235	1
1236	1235	1
1237	1238	1
1239	1240	1
1240	1241	1
1242	1243	1
1244	1245	1
1244	1246	1
1245	1246	1
1247	1248	1
1249	1250	1
1251	1252	1
1251	1253	1
1254	1252	1
1254	1253	1
1252	1255	1
1256	1257	1
1258	1259	1
1260	1261	1
1260	1262	1
1261	1262	1
1263	1264	1
1265	1266	1
1267	1268	1
1267	1269	1
1268	1269	1
1270	1271	1
1272	1273	1
1274	1275	1
1276	1277	1
1278	1279	1
1280	1281	1
1282	1283	1
1284	1283	1
1284	1285	1
1286	1287	1
1288	1289	1
1290	1291	1
1292	1293	1
1294	1295	1
1296	1297	1
1296	1298	1
1299	1300	1
1295	1298	1
1301	1302	1
1303	1304	1
1305	1306	1
1307	1308	1
1309	1308	1
1310	1311	1
1312	1313	1
1314	1311	1
1315	1311	1
1316	1313	1
1317	1318	1
1319	1320	1
1321	1322	1
1321	1323	1
1324	1325	1
1326	1327	1
1328	1329	1
1328	1330	1
1331	1332	1
1331	1333	1
1332	1333	1
1334	1335	1
1334	1336	1
1337	1338	1
1339	1340	1
1340	1341	1
1342	1343	1
1343	1344	1
1345	1346	1
1347	1348	1
1349	1350	1
1349	1351	1
1352	1351	1
1353	1354	1
1355	1356	1
1357	1358	1
1359	1360	1
1361	1362	1
1361	1363	1
1364	1365	1
1366	1367	1
1368	1369	1
1370	1371	1
1370	1372	1
1370	1373	1
1371	1373	1
1374	1375	1
1376	1377	1
1376	1378	1
1379	1380	1
1381	1382	1
1383	1384	1
1385	1386	1
1387	1388	1
1387	1389	1
1387	1390	1
1388	1389	1
1388	1390	1
1391	1392	1
1393	1392	1
1394	1395	1
1396	1397	1
1398	1399	1
1400	1401	1
1402	1403	1
1402	1404	1
1403	1404	1
1405	1406	1
1407	1408	1
1409	1408	1
1410	1411	1
1412	1413	1
1414	1415	1
1414	1416	1
1415	1416	1
1417	1418	1
1419	1420	1
1419	1421	1
1422	1423	1
1424	1425	1
1426	1427	1
1428	1429	1
1427	1430	1
1427	1423	1
1431	1423	1
1432	1425	1
1425	1423	1
1433	1434	1
1435	1436	1
1437	1438	1
1437	1439	1
1438	1439	1
1440	1441	1
1440	1442	1
1441	1443	1
1444	1445	1
1446	1445	1
1447	1448	1
1449	1448	1
1450	1451	1
1450	1452	1
1453	1454	1
1455	1456	1
1455	1457	1
1455	1458	1
1457	1458	1
1459	1460	1
1461	1462	1
1463	1464	1
1465	1464	1
1466	1467	1
1468	1469	1
1470	1471	1
1472	1473	1
1473	1474	1
1471	1469	1
1475	1476	1
1476	1477	1
1478	1479	1
1480	1479	1
1481	1482	1
1483	1484	1
1485	1486	1
1487	1488	1
1489	1490	1
1490	1491	1
1492	1491	1
1493	1494	1
1495	1496	1
1497	1498	1
1499	1500	1
1500	1501	1
1502	1503	1
1504	1505	1
1506	1507	1
1508	1509	1
1510	1511	1
1510	1512	1
1513	1514	1
1513	1515	1
1516	1515	1
1516	1517	1
1515	1517	1
1518	1519	1
1520	1519	1
1520	1521	1
1522	1523	1
1524	1525	1
1526	1527	1
1528	1529	1
1530	1531	1
1532	1533	1
1534	1535	1
1536	1537	1
1538	1539	1
1540	1541	1
1542	1543	1
1544	1545	1
1546	1547	1
1548	1549	1
1550	1551	1
1552	1553	1
1554	1555	1
1556	1557	1
1558	1559	1
1560	1561	1
1562	1563	1
1564	1565	1
1566	1567	1
1568	1569	1
1570	1571	1
1571	1572	1
1573	1574	1
1575	1576	1
1575	1577	1
1578	1579	1
1580	1581	1
1582	1583	1
1582	1584	1
1583	1584	1
1585	1586	1
1585	1587	1
1586	1587	1
1586	1588	1
1589	1590	1
1591	1592	1
1593	1594	1
1593	1595	1
1596	1595	1
1594	1595	1
1597	1598	1
1598	1599	1
1600	1601	1
1602	1603	1
1604	1605	1
1606	1607	1
1608	1607	1
1609	1610	1
1611	1612	1
1611	1613	1
1614	1615	1
1614	1616	1
1615	1617	1
1616	1617	1
1613	1617	1
1618	1619	1
1620	1621	1
1622	1623	1
1624	1625	1
1626	1627	1
1628	1629	1
1630	1631	1
1632	1633	1
1632	1634	1
1631	1635	1
1636	1637	1
1638	1639	1
1640	1641	1
1642	1643	1
1644	1645	1
1646	1647	1
1647	1648	1
1649	1650	1
1651	1652	1
1653	1654	1
1655	1656	1
1657	1656	1
1656	1658	1
1659	1660	1
1661	1662	1
1663	1664	1
1663	1665	1
1664	1665	1
1666	1667	1
1668	1669	1
1670	1671	1
1672	1673	1
1672	1674	1
1675	1676	1
1673	1677	1
1678	1679	1
1680	1681	1
1682	1681	1
1683	1684	1
1685	1686	1
1687	1688	1
1689	1690	1
1691	1692	1
1693	1694	1
1695	1696	1
1697	1698	1
1698	1699	1
1698	1700	1
1699	1701	1
1701	1700	1
1700	1702	1
1703	1704	1
1705	1706	1
1704	1707	1
1708	1709	1
1710	1711	1
1712	1713	1
1714	1715	1
1714	1716	1
1715	1717	1
1716	1717	1
1718	1719	1
1720	1721	1
1720	1722	1
1721	1722	1
1723	1724	1
1725	1726	1
1727	1726	1
1728	1729	1
1730	1731	1
1732	1733	1
1734	1735	1
1736	1737	1
1738	1739	1
1740	1741	1
1740	1742	1
1743	1744	1
1745	1746	1
1742	1747	1
1748	1749	1
1748	1750	1
1751	1752	1
1753	1754	1
1755	1756	1
1757	1758	1
1759	1760	1
1761	1762	1
1763	1764	1
1763	1765	1
1764	1765	1
1764	1766	1
1765	1766	1
1765	1767	1
1766	1767	1
1768	1769	1
1770	1771	1
1770	1772	1
1773	1771	1
1771	1772	1
1774	1775	1
1774	1776	1
1775	1776	1
1777	1778	1
1777	1779	1
1780	1781	1
1782	1783	1
1784	1785	1
1784	1786	1
1787	1779	1
1778	1781	1
1788	1789	1
1790	1789	1
1791	1792	1
1793	1794	1
1795	1796	1
1795	1797	1
1796	1797	1
1798	1799	1
1800	1801	1
1802	1803	1
1802	1801	1
1804	1805	1
1806	1807	1
1808	1809	1
1810	1811	1
1810	1812	1
1810	1813	1
1814	1813	1
1814	1815	1
1816	1817	1
1818	1819	1
1820	1821	1
1820	1822	1
1823	1824	1
1823	1825	1
1826	1827	1
1827	1828	1
1829	1830	1
1831	1832	1
1833	1834	1
1835	1836	1
1834	1836	1
1837	1838	1
1839	1840	1
1840	1841	1
1842	1843	1
1844	1845	1
1846	1847	1
1848	1849	1
1850	1851	1
1852	1853	1
1854	1855	1
1854	1856	1
1857	1858	1
1859	1860	1
1860	1861	1
1862	1863	1
1861	1864	1
1864	1863	1
1865	1866	1
1865	1867	1
1868	1869	1
1866	1867	1
1870	1871	1
1872	1873	1
1872	1874	1
1873	1874	1
1875	1876	1
1875	1877	1
1875	1878	1
1876	1878	1
1877	1879	1
1880	1881	1
1882	1883	1
1882	1884	1
1885	1886	1
1885	1887	1
1886	1888	1
1886	1884	1
1888	1887	1
1887	1884	1
1889	1890	1
1891	1892	1
1891	1893	1
1894	1895	1
1896	1897	1
1898	1899	1
1900	1901	1
1902	1901	1
1903	1904	1
1905	1906	1
1905	1907	1
1908	1907	1
1909	1910	1
1911	1910	1
1912	1913	1
1914	1915	1
1916	1917	1
1918	1919	1
1918	1920	1
1919	1921	1
1919	1920	1
1922	1923	1
1924	1925	1
1926	1927	1
1926	1928	1
1926	1929	1
1927	1928	1
1928	1929	1
1930	1931	1
1930	1932	1
1930	1933	1
1931	1934	1
1935	1934	1
1936	1937	1
1938	1939	1
1940	1941	1
1942	1943	1
1943	1944	1
1945	1946	1
1947	1948	1
1947	1949	1
1948	1949	1
1950	1951	1
1952	1951	1
1952	1953	1
1954	1955	1
1956	1957	1
1957	1958	1
1957	1959	1
1960	1961	1
1961	1962	1
1961	1963	1
1964	1963	1
1965	1966	1
1967	1968	1
1967	1969	1
1970	1971	1
1972	1973	1
1974	1975	1
1976	1977	1
1978	1971	1
1979	1973	1
1980	1981	1
1981	1982	1
1983	1984	1
1985	1986	1
1987	1988	1
1989	1990	1
1991	1992	1
1993	1994	1
1995	1996	1
1997	1998	1
1999	2000	1
2001	2000	1
2002	2003	1
2003	2004	1
2003	2005	1
2006	2007	1
2006	2008	1
2009	2010	1
2009	2011	1
2012	2013	1
2012	2014	1
2013	2014	1
2013	2015	1
2016	2017	1
2018	2019	1
2020	2021	1
2019	2022	1
2022	2023	1
2024	2025	1
2026	2027	1
2027	2028	1
2029	2030	1
2029	2031	1
2032	2033	1
2034	2033	1
2035	2036	1
2037	2038	1
2037	2039	1
2038	2039	1
2040	2041	1
2042	2043	1
2044	2043	1
2044	2045	1
2043	2045	1
2046	2047	1
2046	2048	1
2046	2049	1
2047	2050	1
2051	2050	1
2052	2050	1
2053	2054	1
2055	2056	1
2057	2058	1
2059	2060	1
2059	2061	1
2062	2063	1
2060	2064	1
2065	2063	1
2064	2063	1
2066	2067	1
2068	2069	1
2070	2071	1
2072	2069	1
2073	2074	1
2075	2076	1
2077	2078	1
2077	2079	1
2080	2081	1
2082	2083	1
2082	2084	1
2085	2083	1
2083	2084	1
2086	2087	1
2088	2089	1
2090	2091	1
2090	2092	1
2093	2094	1
2095	2091	1
2096	2092	1
2097	2098	1
2099	2100	1
2101	2102	1
2102	2103	1
2104	2105	1
2106	2107	1
2108	2109	1
2110	2111	1
2112	2111	1
2113	2114	1
2115	2116	1
2117	2118	1
2119	2120	1
2121	2122	1
2121	2123	1
2124	2125	1
2122	2123	1
2126	2127	1
2126	2128	1
2127	2123	1
2129	2130	1
2131	2132	1
2133	2134	1
2135	2136	1
2137	2138	1
2139	2140	1
2141	2142	1
2143	2144	1
2143	2145	1
2144	2142	1
2146	2147	1
2148	2149	1
2150	2151	1
2152	2153	1
2154	2155	1
2154	2156	1
2155	2157	1
2156	2157	1
2158	2159	1
2158	2160	1
2159	2160	1
2161	2162	1
2163	2164	1
2163	2165	1
2166	2167	1
2168	2169	1
2170	2171	1
2172	2173	1
2174	2175	1
2174	2176	1
2175	2176	1
2177	2178	1
2178	2179	1
2180	2181	1
2182	2183	1
2184	2185	1
2186	2187	1
2186	2188	1
2186	2189	1
2190	2191	1
2192	2193	1
2194	2195	1
2195	2196	1
2197	2196	1
2198	2199	1
2200	2201	1
2199	2202	1
2202	2203	1
2204	2205	1
2206	2207	1
2206	2208	1
2206	2209	1
2207	2208	1
2210	2211	1
2212	2213	1
2214	2215	1
2216	2217	1
2218	2219	1
2220	2221	1
2222	2223	1
2222	2224	1
2223	2224	1
2225	2226	1
2227	2228	1
2227	2226	1
2229	2230	1
2231	2232	1
2232	2233	1
2234	2235	1
2236	2237	1
2238	2239	1
2240	2241	1
2240	2242	1
2242	2243	1
2244	2245	1
2246	2247	1
2248	2249	1
2248	2250	1
2251	2249	1
2249	2250	1
2252	2253	1
2254	2255	1
2256	2257	1
2258	2259	1
2260	2261	1
2262	2263	1
2264	2265	1
2266	2267	1
2268	2269	1
2268	2270	1
2271	2272	1
2271	2273	1
2271	2274	1
2272	2273	1
2275	2276	1
2277	2278	1
2279	2280	1
2281	2282	1
2283	2284	1
2285	2286	1
2284	2282	1
2287	2288	1
2289	2290	1
2289	2291	1
2292	2293	1
2294	2293	1
2295	2296	1
2297	2298	1
2299	2300	1
2301	2302	1
2303	2304	1
2305	2306	1
2305	2307	1
2302	2308	1
2302	2304	1
2309	2307	1
2309	2310	1
2311	2308	1
2312	2313	1
2314	2315	1
2316	2317	1
2316	2318	1
2319	2320	1
2321	2320	1
2322	2323	1
2324	2325	1
2324	2326	1
2324	2327	1
2325	2326	1
2325	2327	1
2326	2327	1
2328	2329	1
2330	2331	1
2330	2332	1
2331	2332	1
2333	2334	1
2333	2335	1
2336	2337	1
2338	2337	1
2339	2340	1
2341	2340	1
2342	2343	1
2344	2345	1
2344	2346	1
2347	2348	1
2349	2350	1
2351	2352	1
2351	2353	1
2354	2355	1
2356	2357	1
2358	2359	1
2360	2359	1
2360	2361	1
2362	2363	1
2364	2365	1
2366	2367	1
2365	2367	1
2368	2369	1
2368	2370	1
2371	2372	1
2373	2374	1
2375	2376	1
2377	2378	1
2377	2379	1
2378	2380	1
2379	2380	1
2381	2382	1
2381	2383	1
2381	2384	1
2383	2384	1
2385	2386	1
2387	2388	1
2389	2390	1
2391	2392	1
2393	2394	1
2395	2396	1
2397	2398	1
2399	2400	1
2401	2402	1
2403	2404	1
2405	2406	1
2404	2407	1
2408	2409	1
2409	2406	1
2410	2411	1
2410	2412	1
2413	2412	1
2411	2414	1
2415	2416	1
2417	2418	1
2419	2420	1
2421	2422	1
2423	2424	1
2425	2426	1
2427	2428	1
2429	2428	1
2430	2431	1
2432	2433	1
2432	2434	1
2435	2436	1
2434	2437	1
2436	2438	1
2439	2440	1
2441	2442	1
2443	2444	1
2443	2445	1
2444	2445	1
2446	2447	1
2448	2449	1
2450	2451	1
2452	2453	1
2454	2455	1
2456	2457	1
2458	2459	1
2459	2460	1
2461	2460	1
2461	2462	1
2463	2464	1
2464	2465	1
2464	2466	1
2467	2468	1
2469	2468	1
2470	2471	1
2472	2473	1
2474	2473	1
2474	2475	1
2473	2475	1
2476	2477	1
2478	2479	1
2480	2481	1
2482	2483	1
2484	2485	1
2486	2487	1
2488	2489	1
2490	2489	1
2489	2491	1
2492	2493	1
2492	2494	1
2493	2494	1
2495	2496	1
2495	2497	1
2496	2498	1
2497	2498	1
2499	2500	1
2499	2501	1
2499	2502	1
2500	2503	1
2504	2505	1
2506	2507	1
2508	2509	1
2510	2509	1
2511	2512	1
2511	2513	1
2512	2514	1
2512	2513	1
2515	2516	1
2517	2518	1
2519	2518	1
2520	2521	1
2522	2523	1
2524	2523	1
2525	2526	1
2527	2526	1
2527	2528	1
2526	2528	1
2529	2530	1
2531	2532	1
2532	2533	1
2532	2534	1
2533	2535	1
2536	2537	1
2538	2539	1
2540	2541	1
2542	2543	1
2542	2544	1
2545	2546	1
2547	2546	1
2548	2549	1
2548	2550	1
2549	2551	1
2552	2550	1
2550	2553	1
2554	2555	1
2554	2556	1
2555	2556	1
2557	2558	1
2559	2558	1
2560	2561	1
2562	2563	1
2564	2565	1
2564	2566	1
2565	2567	1
2566	2567	1
2568	2569	1
2568	2570	1
2569	2570	1
2571	2572	1
2573	2572	1
2574	2575	1
2576	2575	1
2577	2578	1
2577	2579	1
2578	2579	1
2580	2581	1
2582	2583	1
2583	2584	1
2585	2586	1
2585	2587	1
2588	2589	1
2590	2591	1
2590	2592	1
2593	2594	1
2595	2596	1
2597	2598	1
2599	2600	1
2601	2602	1
2603	2604	1
2605	2606	1
2607	2608	1
2607	2609	1
2610	2611	1
2611	2612	1
2613	2614	1
2615	2616	1
2617	2618	1
2617	2619	1
2620	2621	1
2620	2622	1
2622	2623	1
2624	2625	1
2626	2627	1
2628	2629	1
2628	2630	1
2628	2631	1
2629	2630	1
2629	2632	1
2629	2631	1
2632	2631	1
2633	2634	1
2635	2636	1
2637	2638	1
2639	2640	1
2639	2641	1
2641	2642	1
2643	2644	1
2645	2646	1
2645	2647	1
2646	2647	1
2648	2649	1
2650	2649	1
2649	2651	1
2652	2653	1
2654	2655	1
2656	2657	1
2658	2657	1
2659	2660	1
2659	2661	1
2662	2663	1
2664	2665	1
2666	2667	1
2668	2669	1
2668	2670	1
2671	2670	1
2672	2673	1
2674	2675	1
2674	2676	1
2677	2676	1
2678	2679	1
2680	2681	1
2681	2682	1
2683	2684	1
2685	2686	1
2687	2686	1
2688	2689	1
2690	2691	1
2692	2693	1
2694	2695	1
2694	2696	1
2697	2698	1
2698	2699	1
2698	2700	1
2699	2700	1
2701	2702	1
2703	2704	1
2705	2706	1
2707	2708	1
2707	2709	1
2710	2709	1
2711	2712	1
2713	2714	1
2713	2712	1
2714	2712	1
2715	2716	1
2717	2718	1
2719	2720	1
2721	2722	1
2723	2724	1
2723	2725	1
2724	2725	1
2726	2727	1
2728	2729	1
2730	2731	1
2732	2733	1
2733	2734	1
2735	2736	1
2735	2737	1
2738	2739	1
2738	2740	1
2738	2741	1
2738	2742	1
2739	2741	1
2743	2744	1
2743	2745	1
2746	2747	1
2748	2749	1
2750	2751	1
2752	2753	1
2752	2754	1
2753	2754	1
2755	2756	1
2757	2758	1
2759	2760	1
2761	2760	1
2762	2763	1
2764	2765	1
2764	2766	1
2767	2768	1
2769	2770	1
2771	2772	1
2771	2773	1
2771	2774	1
2775	2776	1
2777	2778	1
2778	2779	1
2776	2779	1
2780	2781	1
2782	2783	1
2782	2784	1
2784	2785	1
2786	2787	1
2788	2789	1
2790	2791	1
2792	2793	1
2794	2795	1
2796	2797	1
2796	2798	1
2796	2799	1
2797	2798	1
2800	2801	1
2802	2803	1
2804	2805	1
2806	2807	1
2808	2809	1
2810	2807	1
2811	2807	1
2809	2812	1
2813	2814	1
2815	2816	1
2817	2818	1
2819	2820	1
2821	2822	1
2823	2824	1
2825	2826	1
2827	2828	1
2829	2830	1
2831	2832	1
2833	2834	1
2835	2836	1
2837	2836	1
2838	2839	1
2840	2841	1
2842	2841	1
2843	2844	1
2845	2846	1
2847	2848	1
2849	2850	1
2851	2852	1
2853	2852	1
2854	2855	1
2854	2856	1
2855	2856	1
2857	2858	1
2859	2860	1
2861	2862	1
2861	2863	1
2862	2863	1
2864	2865	1
2866	2867	1
2868	2867	1
2869	2870	1
2871	2872	1
2873	2874	1
2875	2876	1
2877	2878	1
2879	2880	1
2881	2882	1
2883	2884	1
2885	2886	1
2887	2888	1
2888	2889	1
2890	2891	1
2892	2893	1
2894	2895	1
2894	2896	1
2895	2896	1
2897	2898	1
2899	2900	1
2899	2901	1
2902	2903	1
2904	2905	1
2906	2907	1
2908	2909	1
2908	2910	1
2911	2912	1
2913	2914	1
2915	2916	1
2915	2917	1
2918	2919	1
2918	2920	1
2921	2922	1
2923	2924	1
2925	2926	1
2927	2928	1
2929	2930	1
2929	2931	1
2932	2933	1
2934	2935	1
2934	2936	1
2937	2938	1
2939	2940	1
2941	2942	1
2943	2944	1
2945	2946	1
2947	2948	1
2949	2950	1
2951	2952	1
2953	2954	1
2955	2956	1
2957	2958	1
2959	2960	1
2961	2962	1
2963	2964	1
2965	2966	1
2966	2967	1
2968	2969	1
2970	2971	1
2972	2973	1
2974	2975	1
2974	2976	1
2977	2978	1
2979	2980	1
2981	2982	1
2983	2982	1
2984	2985	1
2986	2987	1
2988	2989	1
2990	2991	1
2989	2991	1
2992	2993	1
2994	2995	1
2994	2996	1
2995	2997	1
2998	2996	1
2998	2999	1
3000	3001	1
3002	3003	1
3004	3005	1
3004	3006	1
3007	3008	1
3009	3010	1
3011	3012	1
3013	3014	1
3015	3016	1
3017	3018	1
3019	3020	1
3021	3022	1
3023	3024	1
3025	3026	1
3027	3026	1
3028	3029	1
3030	3031	1
3032	3033	1
3032	3034	1
3035	3034	1
3036	3037	1
3038	3039	1
3040	3041	1
3040	3042	1
3043	3044	1
3045	3046	1
3047	3046	1
3047	3048	1
3046	3048	1
3049	3050	1
3051	3052	1
3053	3054	1
3055	3056	1
3057	3058	1
3059	3060	1
3061	3062	1
3062	3063	1
3064	3063	1
3064	3065	1
3066	3067	1
3068	3067	1
3069	3070	1
3069	3071	1
3072	3073	1
3074	3075	1
3076	3077	1
3078	3079	1
3080	3079	1
3081	3082	1
3082	3083	1
3084	3085	1
3086	3087	1
3088	3089	1
3090	3091	1
3092	3093	1
3094	3095	1
3094	3096	1
3095	3091	1
3095	3096	1
3091	3096	1
3097	3098	1
3099	3100	1
3101	3100	1
3102	3103	1
3104	3105	1
3106	3107	1
3106	3108	1
3109	3110	1
3107	3111	1
3112	3113	1
3114	3115	1
3115	3116	1
3117	3118	1
3119	3120	1
3121	3122	1
3123	3124	1
3124	3125	1
3126	3127	1
3128	3129	1
3128	3127	1
3130	3131	1
3132	3133	1
3132	3134	1
3132	3135	1
3136	3137	1
3138	3139	1
3140	3141	1
3142	3143	1
3144	3145	1
3146	3147	1
3148	3149	1
3150	3151	1
3152	3153	1
3154	3155	1
3155	3153	1
3156	3157	1
3157	3158	1
3157	3159	1
3160	3161	1
3162	3163	1
3164	3165	1
3166	3167	1
3168	3169	1
3170	3171	1
3170	3172	1
3173	3172	1
3174	3175	1
3176	3177	1
3178	3179	1
3175	3177	1
3180	3181	1
3182	3183	1
3184	3185	1
3186	3187	1
3188	3189	1
3190	3191	1
3191	3192	1
3193	3194	1
3195	3196	1
3197	3198	1
3199	3200	1
3201	3202	1
3203	3204	1
3205	3204	1
3206	3207	1
3208	3209	1
3210	3211	1
3212	3213	1
3214	3215	1
3216	3217	1
3216	3218	1
3217	3218	1
3219	3220	1
3221	3222	1
3223	3224	1
3225	3226	1
3226	3227	1
3228	3229	1
3230	3231	1
3232	3233	1
3233	3234	1
3234	3235	1
3236	3237	1
3238	3239	1
3240	3239	1
3241	3242	1
3243	3244	1
3245	3246	1
3247	3248	1
3249	3250	1
3251	3252	1
3253	3254	1
3255	3256	1
3257	3258	1
3259	3260	1
3261	3262	1
3261	3263	1
3264	3262	1
3265	3266	1
3266	3267	1
3268	3269	1
3269	3270	1
3271	3272	1
3271	3273	1
3274	3275	1
3275	3276	1
3277	3278	1
3277	3279	1
3278	3279	1
3280	3281	1
3282	3283	1
3284	3285	1
3286	3287	1
3288	3289	1
3290	3289	1
3291	3292	1
3292	3293	1
3294	3293	1
3295	3296	1
3295	3297	1
3296	3298	1
3299	3300	1
3301	3302	1
3303	3304	1
3305	3306	1
3307	3308	1
3309	3310	1
3311	3306	1
3312	3313	1
3314	3308	1
3315	3316	1
3317	3318	1
3319	3320	1
3321	3322	1
3323	3324	1
3323	3325	1
3324	3325	1
3324	3326	1
3327	3328	1
3329	3330	1
3331	3332	1
3332	3333	1
3334	3335	1
3336	3337	1
3336	3338	1
3339	3338	1
3337	3338	1
3340	3338	1
3341	3342	1
3343	3342	1
3344	3345	1
3346	3347	1
3348	3349	1
3350	3351	1
3351	3352	1
3353	3352	1
3354	3355	1
3356	3357	1
3356	3358	1
3355	3358	1
3359	3360	1
3359	3361	1
3362	3360	1
3363	3364	1
3365	3366	1
3367	3368	1
3369	3370	1
3371	3372	1
3373	3374	1
3375	3376	1
3377	3378	1
3379	3380	1
3381	3382	1
3383	3384	1
3385	3386	1
3387	3388	1
3387	3389	1
3390	3391	1
3392	3393	1
3392	3394	1
3393	3394	1
3395	3396	1
3397	3398	1
3399	3400	1
3401	3402	1
3403	3404	1
3405	3406	1
3407	3408	1
3408	3409	1
3408	3410	1
3411	3412	1
3413	3414	1
3413	3415	1
3414	3416	1
3414	3417	1
3418	3419	1
3420	3421	1
3422	3423	1
3424	3425	1
3426	3425	1
3427	3428	1
3429	3430	1
3431	3432	1
3433	3434	1
3435	3436	1
3435	3437	1
3436	3437	1
3438	3439	1
3440	3441	1
3442	3443	1
3444	3445	1
3444	3446	1
3447	3448	1
3449	3450	1
3451	3452	1
3453	3454	1
3455	3456	1
3457	3454	1
3458	3459	1
3458	3460	1
3461	3462	1
3463	3464	1
3465	3466	1
3467	3468	1
3468	3469	1
3470	3471	1
3472	3473	1
3472	3474	1
3475	3476	1
3477	3478	1
3479	3480	1
3481	3482	1
3483	3484	1
3485	3486	1
3487	3486	1
3487	3488	1
3489	3490	1
3491	3492	1
3493	3494	1
3495	3496	1
3495	3497	1
3498	3499	1
3500	3501	1
3502	3503	1
3504	3505	1
3504	3506	1
3507	3508	1
3508	3509	1
3510	3511	1
3510	3512	1
3512	3513	1
3514	3515	1
3516	3517	1
3516	3518	1
3519	3517	1
3520	3521	1
3522	3523	1
3522	3524	1
3523	3524	1
3525	3526	1
3527	3528	1
3529	3530	1
3531	3530	1
3532	3533	1
3532	3534	1
3535	3536	1
3537	3538	1
3537	3539	1
3540	3538	1
3538	3539	1
3541	3542	1
3543	3544	1
3544	3545	1
3546	3547	1
3548	3549	1
3548	3550	1
3548	3551	1
3552	3553	1
3554	3555	1
3556	3557	1
3558	3557	1
3559	3560	1
3561	3562	1
3563	3564	1
3563	3565	1
3565	3566	1
3567	3568	1
3567	3569	1
3570	3571	1
3572	3573	1
3572	3574	1
3573	3574	1
3575	3576	1
3577	3576	1
3578	3579	1
3580	3581	1
3582	3583	1
3582	3584	1
3585	3586	1
3585	3583	1
3586	3584	1
3583	3584	1
3587	3588	1
3587	3589	1
3588	3590	1
3589	3591	1
3590	3592	1
3593	3594	1
3595	3596	1
3597	3598	1
3599	3600	1
3600	3601	1
3602	3603	1
3604	3605	1
3606	3607	1
3608	3609	1
3610	3611	1
3612	3613	1
3614	3615	1
3616	3617	1
3618	3619	1
3618	3620	1
3618	3621	1
3619	3620	1
3620	3621	1
3621	3622	1
3623	3624	1
3625	3626	1
3627	3628	1
3629	3630	1
3631	3632	1
3632	3633	1
3632	3634	1
3635	3636	1
3637	3638	1
3639	3640	1
3641	3642	1
3642	3643	1
3644	3645	1
3646	3645	1
3647	3648	1
3649	3650	1
3651	3650	1
3652	3653	1
3654	3655	1
3656	3657	1
3656	3655	1
3658	3659	1
3660	3661	1
3660	3662	1
3660	3663	1
3662	3663	1
3664	3665	1
3666	3665	1
3667	3668	1
3667	3669	1
3668	3669	1
3670	3671	1
3672	3673	1
3672	3674	1
3675	3676	1
3677	3678	1
3679	3680	1
3681	3682	1
3683	3684	1
3685	3686	1
3687	3688	1
3689	3690	1
3691	3692	1
3693	3694	1
3695	3696	1
3695	3697	1
3696	3697	1
3698	3699	1
3700	3701	1
3702	3703	1
3699	3704	1
3705	3706	1
3705	3707	1
3708	3709	1
3706	3710	1
3706	3711	1
3709	3712	1
3713	3714	1
3715	3716	1
3716	3717	1
3718	3719	1
3720	3721	1
3720	3722	1
3723	3722	1
3723	3724	1
3725	3726	1
3727	3728	1
3729	3730	1
3729	3731	1
3729	3732	1
3731	3732	1
3733	3734	1
3735	3736	1
3737	3738	1
3737	3739	1
3740	3741	1
3742	3743	1
3744	3741	1
3745	3746	1
3747	3748	1
3746	3748	1
3749	3750	1
3751	3752	1
3753	3754	1
3755	3756	1
3756	3757	1
3758	3757	1
3759	3760	1
3761	3762	1
3763	3764	1
3765	3766	1
3767	3768	1
3769	3768	1
3770	3771	1
3770	3772	1
3773	3774	1
3775	3776	1
3777	3778	1
3779	3780	1
3779	3781	1
3779	3782	1
3781	3782	1
3783	3784	1
3785	3786	1
3787	3788	1
3787	3789	1
3790	3791	1
3792	3793	1
3794	3795	1
3791	3796	1
3797	3798	1
3799	3800	1
3801	3802	1
3803	3804	1
3805	3804	1
3806	3807	1
3808	3809	1
3808	3810	1
3809	3810	1
3811	3812	1
3811	3813	1
3813	3814	1
3815	3816	1
3817	3818	1
3817	3816	1
3819	3820	1
3821	3822	1
3823	3824	1
3825	3826	1
3827	3828	1
3829	3830	1
3829	3831	1
3832	3833	1
3830	3833	1
3834	3835	1
3834	3836	1
3837	3838	1
3838	3839	1
3840	3841	1
3842	3843	1
3844	3845	1
3846	3845	1
3847	3848	1
3849	3850	1
3849	3851	1
3849	3852	1
3850	3851	1
3850	3852	1
3853	3854	1
3855	3856	1
3857	3858	1
3859	3860	1
3861	3862	1
3863	3864	1
3863	3862	1
3865	3866	1
3867	3868	1
3867	3869	1
3870	3871	1
3870	3872	1
3873	3874	1
3874	3875	1
3876	3875	1
3877	3875	1
3878	3879	1
3880	3881	1
3882	3883	1
3883	3884	1
3885	3886	1
3887	3888	1
3887	3889	1
3888	3889	1
3890	3891	1
3892	3891	1
3892	3893	1
3891	3893	1
3894	3895	1
3896	3897	1
3898	3897	1
3897	3899	1
3899	3900	1
3901	3902	1
3901	3903	1
3904	3902	1
3905	3906	1
3907	3908	1
3909	3910	1
3911	3908	1
3912	3913	1
3914	3915	1
3914	3916	1
3917	3918	1
3918	3919	1
3920	3921	1
3922	3923	1
3924	3923	1
3925	3926	1
3927	3928	1
3929	3930	1
3930	3928	1
3931	3928	1
3932	3933	1
3934	3935	1
3936	3937	1
3938	3939	1
3938	3940	1
3941	3940	1
3942	3940	1
3943	3944	1
3945	3946	1
3946	3947	1
3948	3949	1
3950	3951	1
3952	3953	1
3954	3955	1
3956	3957	1
3958	3959	1
3960	3961	1
3962	3963	1
3963	3964	1
3965	3966	1
3967	3968	1
3969	3968	1
3970	3971	1
3972	3973	1
3974	3975	1
3976	3977	1
3978	3979	1
3980	3981	1
3979	3982	1
3981	3983	1
3982	3983	1
3984	3985	1
3986	3987	1
3988	3989	1
3990	3991	1
3992	3993	1
3994	3995	1
3996	3997	1
3998	3999	1
4000	4001	1
4002	4003	1
4004	4005	1
4006	4007	1
4007	4008	1
4009	4010	1
4011	4012	1
4013	4014	1
4015	4016	1
4017	4018	1
4019	4020	1
4021	4022	1
4023	4024	1
4023	4025	1
4026	4027	1
4027	4028	1
4029	4030	1
4031	4032	1
4033	4034	1
4035	4036	1
4037	4038	1
4037	4039	1
4038	4039	1
4040	4039	1
4041	4042	1
4043	4044	1
4044	4045	1
4046	4047	1
4048	4049	1
4050	4049	1
4051	4052	1
4053	4052	1
4054	4055	1
4055	4056	1
4057	4058	1
4058	4059	1
4060	4061	1
4062	4063	1
4064	4065	1
4066	4067	1
4068	4069	1
4070	4071	1
4072	4073	1
4074	4075	1
4075	4076	1
4077	4078	1
4078	4079	1
4080	4081	1
4082	4083	1
4084	4085	1
4084	4086	1
4087	4086	1
4088	4089	1
4090	4089	1
4091	4092	1
4093	4094	1
4095	4092	1
4096	4097	1
4098	4097	1
4099	4100	1
4099	4101	1
4100	4101	1
4102	4101	1
4103	4104	1
4105	4106	1
4107	4108	1
4108	4109	1
4110	4111	1
4110	4112	1
4111	4112	1
4111	4113	1
4114	4115	1
4116	4117	1
4116	4118	1
4119	4120	1
4121	4122	1
4123	4124	1
4125	4126	1
4127	4128	1
4127	4129	1
4128	4129	1
4130	4131	1
4132	4133	1
4134	4135	1
4136	4137	1
4135	4137	1
4138	4139	1
4140	4141	1
4142	4143	1
4144	4145	1
4146	4147	1
4148	4149	1
4147	4149	1
4150	4151	1
4152	4153	1
4154	4155	1
4156	4157	1
4158	4159	1
4160	4161	1
4162	4163	1
4164	4165	1
4164	4166	1
4167	4168	1
4169	4170	1
4171	4172	1
4173	4170	1
4174	4175	1
4176	4170	1
4177	4178	1
4177	4179	1
4178	4179	1
4180	4181	1
4182	4181	1
4183	4184	1
4185	4186	1
4187	4188	1
4187	4189	1
4187	4190	1
4191	4190	1
4192	4193	1
4194	4195	1
4196	4197	1
4196	4198	1
4197	4198	1
4197	4199	1
4198	4199	1
4200	4201	1
4201	4202	1
4203	4204	1
4203	4205	1
4206	4207	1
4208	4209	1
4210	4211	1
4212	4213	1
4214	4215	1
4216	4215	1
4217	4218	1
4217	4219	1
4218	4219	1
4220	4221	1
4222	4223	1
4222	4224	1
4223	4225	1
4226	4227	1
4228	4229	1
4228	4230	1
4231	4229	1
4232	4233	1
4234	4235	1
4236	4237	1
4238	4239	1
4238	4240	1
4240	4241	1
4242	4243	1
4244	4245	1
4244	4246	1
4247	4248	1
4249	4250	1
4251	4252	1
4253	4254	1
4255	4256	1
4257	4258	1
4259	4260	1
4261	4260	1
4262	4263	1
4264	4265	1
4266	4267	1
4268	4269	1
4270	4271	1
4272	4269	1
4271	4269	1
4273	4274	1
4275	4276	1
4275	4277	1
4278	4279	1
4276	4279	1
4277	4279	1
4280	4281	1
4281	4282	1
4283	4282	1
4284	4285	1
4284	4286	1
4284	4287	1
4285	4288	1
4288	4287	1
4289	4290	1
4291	4292	1
4291	4293	1
4292	4293	1
4294	4295	1
4293	4296	1
4297	4298	1
4299	4300	1
4299	4301	1
4302	4303	1
4304	4305	1
4305	4306	1
4306	4307	1
4308	4309	1
4310	4311	1
4312	4313	1
4314	4315	1
4316	4317	1
4316	4318	1
4317	4318	1
4319	4320	1
4319	4321	1
4322	4323	1
4322	4324	1
4320	4323	1
4325	4326	1
4327	4328	1
4329	4330	1
4329	4331	1
4332	4333	1
4334	4335	1
4336	4337	1
4338	4339	1
4340	4341	1
4342	4343	1
4344	4345	1
4346	4347	1
4348	4349	1
4348	4350	1
4348	4351	1
4352	4350	1
4349	4350	1
4353	4354	1
4355	4356	1
4357	4358	1
4359	4360	1
4361	4362	1
4363	4364	1
4365	4366	1
4367	4368	1
4367	4369	1
4368	4369	1
4370	4371	1
4372	4373	1
4374	4375	1
4376	4377	1
4378	4379	1
4380	4381	1
4382	4383	1
4384	4385	1
4385	4386	1
4387	4386	1
4388	4389	1
4390	4391	1
4392	4393	1
4394	4395	1
4396	4397	1
4398	4399	1
4398	4400	1
4401	4402	1
4403	4404	1
4404	4405	1
4404	4406	1
4407	4408	1
4409	4410	1
4410	4411	1
4410	4412	1
4411	4412	1
4413	4414	1
4414	4415	1
4416	4417	1
4418	4419	1
4418	4420	1
4419	4420	1
4421	4422	1
4421	4423	1
4424	4425	1
4424	4426	1
4427	4428	1
4429	4430	1
4431	4432	1
4433	4432	1
4434	4435	1
4434	4436	1
4435	4436	1
4437	4438	1
4439	4440	1
4441	4442	1
4443	4444	1
4445	4446	1
4447	4448	1
4449	4450	1
4448	4451	1
4448	4452	1
4453	4454	1
4455	4456	1
4457	4456	1
4458	4459	1
4460	4461	1
4462	4463	1
4464	4465	1
4464	4466	1
4465	4466	1
4467	4468	1
4468	4469	1
4468	4470	1
4471	4472	1
4473	4474	1
4475	4476	1
4477	4478	1
4479	4480	1
4481	4482	1
4483	4484	1
4483	4485	1
4486	4487	1
4488	4489	1
4489	4490	1
4491	4492	1
4491	4493	1
4494	4495	1
4496	4497	1
4498	4499	1
4498	4500	1
4501	4502	1
4503	4504	1
4503	4505	1
4506	4507	1
4508	4507	1
4509	4510	1
4511	4512	1
4513	4514	1
4513	4515	1
4514	4515	1
4516	4517	1
4518	4519	1
4520	4519	1
4521	4522	1
4523	4524	1
4523	4525	1
4524	4525	1
4524	4526	1
4527	4526	1
4528	4529	1
4530	4531	1
4532	4533	1
4534	4535	1
4536	4537	1
4538	4539	1
4538	4540	1
4539	4540	1
4541	4542	1
4541	4543	1
4544	4545	1
4544	4546	1
4547	4545	1
4545	4546	1
4545	4548	1
4549	4550	1
4549	4551	1
4552	4553	1
4552	4551	1
4554	4551	1
4555	4556	1
4557	4558	1
4559	4560	1
4561	4562	1
4561	4563	1
4564	4565	1
4566	4567	1
4568	4569	1
4570	4571	1
4572	4573	1
4574	4575	1
4575	4576	1
4577	4578	1
4579	4580	1
4581	4582	1
4583	4584	1
4583	4585	1
4583	4586	1
4585	4586	1
4587	4588	1
4589	4590	1
4591	4592	1
4593	4594	1
4595	4596	1
4597	4598	1
4599	4600	1
4601	4602	1
4603	4604	1
4603	4605	1
4603	4606	1
4604	4607	1
4605	4607	1
4608	4609	1
4610	4611	1
4611	4612	1
4613	4614	1
4615	4616	1
4617	4618	1
4619	4620	1
4619	4621	1
4622	4623	1
4624	4625	1
4626	4627	1
4628	4629	1
4630	4631	1
4632	4633	1
4634	4635	1
4636	4637	1
4637	4638	1
4639	4640	1
4641	4642	1
4643	4644	1
4645	4646	1
4647	4648	1
4649	4650	1
4651	4652	1
4651	4653	1
4654	4655	1
4656	4657	1
4658	4659	1
4660	4661	1
4662	4661	1
4663	4664	1
4665	4666	1
4667	4668	1
4667	4669	1
4668	4669	1
4670	4671	1
4672	4673	1
4674	4673	1
4673	4675	1
4676	4677	1
4678	4679	1
4680	4681	1
4682	4683	1
4684	4685	1
4686	4687	1
4688	4689	1
4690	4691	1
4692	4691	1
4693	4694	1
4695	4694	1
4696	4697	1
4698	4699	1
4700	4701	1
4702	4703	1
4702	4699	1
4704	4705	1
4706	4707	1
4708	4709	1
4710	4711	1
4712	4713	1
4714	4715	-1
4714	4716	-1
4714	323	-1
4717	4718	-1
1	4719	-1
4720	4721	-1
4722	4723	-1
4724	4725	-1
5	4726	-1
4727	38	-1
4728	311	-1
4729	4730	-1
4731	4732	-1
4731	348	-1
4733	4734	-1
4733	4735	-1
4733	349	-1
4736	4737	-1
7	32	-1
4738	4739	-1
4740	233	-1
4741	248	-1
4741	4742	-1
4743	4744	-1
4745	90	-1
4745	4746	-1
4745	409	-1
4747	4748	-1
4749	4750	-1
4751	4752	-1
4753	4754	-1
4755	4756	-1
18	416	-1
4757	4758	-1
4759	4760	-1
4761	4762	-1
4763	4764	-1
26	4765	-1
4766	4767	-1
4766	4768	-1
4766	290	-1
4769	4770	-1
4769	4771	-1
31	84	-1
4772	4773	-1
4774	4775	-1
4774	4776	-1
4777	4778	-1
32	4779	-1
34	4780	-1
4781	4782	-1
36	472	-1
38	4719	-1
4783	4784	-1
4783	4785	-1
4786	4787	-1
43	4788	-1
4789	4790	-1
4789	4791	-1
4792	273	-1
4734	127	-1
4770	4793	-1
4770	471	-1
4794	4795	-1
4794	4796	-1
4797	4798	-1
44	4723	-1
4799	120	-1
4799	234	-1
4800	256	-1
4790	4801	-1
4790	4802	-1
4803	4804	-1
56	187	-1
56	4805	-1
56	337	-1
4806	4807	-1
4806	4808	-1
4809	4810	-1
4809	4811	-1
4812	4813	-1
4814	4815	-1
4814	4816	-1
4814	4804	-1
4817	102	-1
4818	4819	-1
4820	4821	-1
4820	359	-1
4822	4823	-1
4822	494	-1
63	4824	-1
4737	4825	-1
4737	4826	-1
4784	4827	-1
4784	4828	-1
4829	4830	-1
4829	4831	-1
4829	4832	-1
4829	4833	-1
4834	4835	-1
4836	4837	-1
4838	4839	-1
4840	4805	-1
4840	4841	-1
4835	4842	-1
70	4843	-1
4844	4845	-1
4844	4846	-1
4844	4847	-1
4848	4796	-1
72	4780	-1
75	4849	-1
4850	4744	-1
4851	4852	-1
4845	4853	-1
4845	487	-1
4825	4854	-1
4767	4849	-1
4767	4855	-1
4856	4857	-1
4858	4859	-1
4860	4861	-1
4862	4863	-1
4864	4865	-1
4866	104	-1
4866	4867	-1
4827	288	-1
4868	4865	-1
4868	4802	-1
4843	182	-1
4869	4870	-1
4869	409	-1
83	4796	-1
4871	4872	-1
4873	4874	-1
4873	4875	-1
4723	4876	-1
4877	4878	-1
4879	4880	-1
4879	4881	-1
94	4852	-1
4762	4882	-1
4762	4883	-1
4821	4884	-1
97	4885	-1
4886	4887	-1
4888	4889	-1
4888	490	-1
4890	4832	-1
4775	4891	-1
4892	4893	-1
4894	4895	-1
99	4896	-1
4897	4898	-1
4831	4899	-1
4831	4900	-1
4901	250	-1
4902	4903	-1
4904	4905	-1
4891	449	-1
4906	459	-1
105	4785	-1
105	4887	-1
106	4907	-1
107	4908	-1
4909	4857	-1
4909	4910	-1
4909	4911	-1
4912	4913	-1
4912	375	-1
4914	186	-1
113	310	-1
4832	4893	-1
4915	4916	-1
4915	4898	-1
4917	303	-1
125	271	-1
4716	4779	-1
4918	4919	-1
4918	362	-1
4920	4742	-1
133	4921	-1
135	4922	-1
140	4923	-1
143	4924	-1
4925	448	-1
146	4795	-1
146	486	-1
4813	215	-1
148	4852	-1
4926	4908	-1
4926	4927	-1
4730	4721	-1
4785	4928	-1
4744	4929	-1
4744	4930	-1
4795	4931	-1
4852	4798	-1
4857	4779	-1
4932	4923	-1
4933	4934	-1
4935	4936	-1
4937	350	-1
4938	4939	-1
176	361	-1
4725	4940	-1
4725	362	-1
180	497	-1
4941	4942	-1
4884	4887	-1
183	4943	-1
4944	4945	-1
4946	4889	-1
193	4947	-1
4948	4837	-1
4949	4881	-1
4950	428	-1
209	4793	-1
4951	4952	-1
4951	4953	-1
4954	459	-1
4955	4956	-1
4957	425	-1
4958	4739	-1
4959	4960	-1
4961	4943	-1
4962	4963	-1
4964	248	-1
234	396	-1
4965	4966	-1
246	4875	-1
249	254	-1
249	4967	-1
4791	320	-1
4735	347	-1
4735	4924	-1
258	377	-1
263	4947	-1
4968	4863	-1
4969	394	-1
4969	418	-1
4970	4971	-1
4972	4973	-1
4798	4974	-1
4975	4976	-1
4913	4922	-1
273	4977	-1
4978	4742	-1
286	480	-1
4979	4758	-1
4979	4980	-1
4981	4982	-1
4773	4983	-1
4984	4985	-1
4986	463	-1
4987	4988	-1
4989	4863	-1
4990	316	-1
4991	4760	-1
4903	4934	-1
312	484	-1
314	4992	-1
4993	426	-1
4846	4841	-1
4889	4947	-1
4889	4952	-1
4994	4995	-1
4996	4861	-1
4997	4898	-1
328	432	-1
4998	4718	-1
339	4999	-1
5000	4824	-1
340	5001	-1
4826	5002	-1
5003	4764	-1
349	5004	-1
349	5005	-1
350	5006	-1
368	5007	-1
376	5008	-1
5009	5010	-1
5011	4934	-1
4833	5007	-1
4977	5012	-1
5013	5014	-1
392	475	-1
4811	4930	-1
5015	4921	-1
4802	5016	-1
408	5017	-1
4963	4847	-1
416	5018	-1
4748	427	-1
4748	440	-1
4863	5019	-1
419	4953	-1
420	5020	-1
4934	429	-1
5021	4988	-1
507	5022	-1
507	5023	-1
510	5024	-1
5025	5026	-1
5027	5028	-1
5029	5030	-1
5031	5032	-1
5031	5033	-1
5034	5035	-1
5036	5037	-1
523	5038	-1
5039	5040	-1
5041	5042	-1
5041	5043	-1
527	751	-1
527	5044	-1
527	5045	-1
5046	5047	-1
5048	5049	-1
5050	5051	-1
5050	5052	-1
5053	5054	-1
544	603	-1
5055	5056	-1
5057	5058	-1
549	5059	-1
550	594	-1
552	5060	-1
5061	838	-1
5062	614	-1
5062	5063	-1
5062	5064	-1
5065	5066	-1
560	5067	-1
561	5068	-1
561	5069	-1
5070	5038	-1
5071	5072	-1
5073	5074	-1
5075	5076	-1
5075	5077	-1
5075	5078	-1
5075	5079	-1
574	5080	-1
576	5081	-1
576	5082	-1
5047	5083	-1
5047	5084	-1
5085	729	-1
5085	5086	-1
5085	5087	-1
5088	5089	-1
5088	5090	-1
5088	5091	-1
5092	5093	-1
5094	5095	-1
5076	5096	-1
5076	5097	-1
5098	772	-1
5099	5100	-1
5099	809	-1
5099	812	-1
5101	5102	-1
5040	5103	-1
5104	5090	-1
5105	614	-1
5105	5106	-1
5105	828	-1
579	5107	-1
5108	5109	-1
5110	5111	-1
582	693	-1
586	5112	-1
586	775	-1
586	5113	-1
5114	5115	-1
5116	5117	-1
5116	5118	-1
593	702	-1
594	5067	-1
597	5119	-1
597	767	-1
597	5120	-1
599	610	-1
601	5084	-1
5121	5122	-1
5123	5124	-1
5125	5126	-1
5125	5127	-1
5125	5035	-1
5128	5129	-1
5130	5131	-1
5132	5133	-1
5028	5134	-1
5135	710	-1
5135	5049	-1
5136	5137	-1
5138	5139	-1
5140	5141	-1
5142	5112	-1
5024	5107	-1
5143	5144	-1
5126	5145	-1
5126	854	-1
5126	5146	-1
5147	5148	-1
5147	5149	-1
5022	5150	-1
5151	5152	-1
5153	839	-1
5154	5051	-1
5154	5155	-1
5154	653	-1
5081	5156	-1
631	5107	-1
5157	5158	-1
5157	5159	-1
5160	5161	-1
636	645	-1
639	797	-1
5162	5163	-1
5164	5165	-1
5166	5167	-1
5168	5169	-1
5168	5170	-1
5171	5172	-1
5068	5169	-1
5068	5072	-1
5173	866	-1
5174	5175	-1
5174	5176	-1
5177	5178	-1
5179	5148	-1
5180	5054	-1
5180	5181	-1
5100	5182	-1
650	5183	-1
5184	5107	-1
5184	5185	-1
5186	888	-1
653	5187	-1
653	807	-1
653	5185	-1
5188	924	-1
5189	5190	-1
5191	5192	-1
661	5032	-1
662	5038	-1
5193	5134	-1
5193	5194	-1
663	5195	-1
665	5196	-1
667	5197	-1
668	5198	-1
5163	5122	-1
670	5199	-1
5200	5201	-1
671	833	-1
673	5115	-1
675	5113	-1
676	797	-1
676	5091	-1
677	5202	-1
679	5203	-1
681	781	-1
681	5204	-1
5205	5161	-1
683	5206	-1
5207	847	-1
685	778	-1
686	5208	-1
687	5026	-1
5037	5209	-1
5210	5211	-1
688	802	-1
5212	5213	-1
5212	5214	-1
5215	917	-1
5216	5185	-1
691	5217	-1
691	5218	-1
692	709	-1
5107	5170	-1
5219	5038	-1
5220	5080	-1
5221	5222	-1
5223	5224	-1
5223	5033	-1
5156	5225	-1
5102	771	-1
5043	5226	-1
717	5227	-1
718	5211	-1
5228	964	-1
5229	5230	-1
5231	5232	-1
5233	852	-1
723	852	-1
725	771	-1
725	5232	-1
5234	5235	-1
5234	5236	-1
5119	848	-1
5175	5237	-1
728	5238	-1
728	5074	-1
5239	5240	-1
5195	5241	-1
5242	5243	-1
5069	5244	-1
5245	786	-1
5245	836	-1
744	5246	-1
5032	767	-1
5235	5035	-1
5235	5247	-1
5248	5249	-1
5250	5133	-1
5251	5252	-1
5253	5198	-1
5044	862	-1
761	5074	-1
5192	5254	-1
5112	5255	-1
5086	5256	-1
5257	5258	-1
5257	5259	-1
773	5260	-1
5261	5117	-1
5262	5176	-1
5263	5183	-1
5264	924	-1
5083	5244	-1
5265	5035	-1
5266	5267	-1
780	5201	-1
5144	5268	-1
5144	965	-1
5144	5269	-1
5093	5225	-1
5093	847	-1
5270	5165	-1
5270	5198	-1
5271	5272	-1
5271	5273	-1
5274	5275	-1
5274	5161	-1
5276	5165	-1
5277	5278	-1
5279	5280	-1
5120	5281	-1
792	5238	-1
796	843	-1
800	5282	-1
800	5283	-1
5236	5284	-1
5285	967	-1
801	5194	-1
802	5286	-1
5150	5287	-1
5226	5267	-1
5208	5288	-1
5208	5289	-1
5097	5290	-1
5291	849	-1
5288	5141	-1
5165	5290	-1
5165	5214	-1
5197	5256	-1
5292	5198	-1
5293	5294	-1
5295	972	-1
5296	5258	-1
5297	5298	-1
5297	5299	-1
5300	5111	-1
5301	5148	-1
5302	5289	-1
5302	5303	-1
5304	5305	-1
5304	5306	-1
5307	5308	-1
5309	5095	-1
837	5237	-1
5111	5170	-1
848	5310	-1
5311	858	-1
5312	5313	-1
858	5194	-1
5258	880	-1
5314	906	-1
5315	5316	-1
5206	5317	-1
5267	5113	-1
5318	924	-1
5319	5084	-1
5294	967	-1
5282	5320	-1
5321	5322	-1
5308	5183	-1
5323	5324	-1
976	5325	-1
977	1370	-1
979	5326	-1
980	5327	-1
981	1055	-1
5328	5329	-1
5328	1342	-1
5328	5330	-1
983	5331	-1
984	1435	-1
987	5332	-1
987	5333	-1
987	1427	-1
5334	5335	-1
5336	5337	-1
5336	5338	-1
989	5339	-1
991	5340	-1
995	1151	-1
5341	1065	-1
5341	5342	-1
5341	5333	-1
5343	5344	-1
5343	5345	-1
5346	5347	-1
5346	5348	-1
5349	5350	-1
5351	1054	-1
5351	1103	-1
5351	5352	-1
5353	5354	-1
5353	1286	-1
5353	5355	-1
5356	1069	-1
5356	1177	-1
5356	5357	-1
5358	5359	-1
5358	5360	-1
5327	1041	-1
5361	5362	-1
5361	5363	-1
5364	5365	-1
5366	5367	-1
5366	5368	-1
5369	1127	-1
5369	5370	-1
5371	5372	-1
5373	5374	-1
1001	1032	-1
1001	5375	-1
5335	1151	-1
5335	5376	-1
5367	5362	-1
5367	5377	-1
5378	5379	-1
5378	1208	-1
5380	1196	-1
1006	5381	-1
1007	5382	-1
1008	1201	-1
5383	5384	-1
5385	1261	-1
1011	5386	-1
1012	5387	-1
1012	5388	-1
5389	1041	-1
5389	1224	-1
5390	5391	-1
5390	1304	-1
5390	1384	-1
5392	5393	-1
5392	5394	-1
5395	5355	-1
5396	1393	-1
5397	5398	-1
5397	5352	-1
5399	5400	-1
5359	1082	-1
5359	5401	-1
1020	5402	-1
1021	5403	-1
1024	5404	-1
5405	5406	-1
5407	5408	-1
5409	5410	-1
5409	5411	-1
5409	5412	-1
5409	5413	-1
5414	5415	-1
5416	1166	-1
5417	5418	-1
5417	5419	-1
5417	5420	-1
5421	1099	-1
1032	5422	-1
1032	5354	-1
1032	5423	-1
1033	5424	-1
1036	1041	-1
1036	5425	-1
1036	5426	-1
5427	5428	-1
5427	1237	-1
5429	5430	-1
5431	5432	-1
5431	1130	-1
5431	5388	-1
5433	1335	-1
5434	5435	-1
5436	5437	-1
5438	5439	-1
5440	5441	-1
5440	5442	-1
5443	1055	-1
5443	5444	-1
5445	1238	-1
5391	5446	-1
1042	5425	-1
5447	5448	-1
5449	1136	-1
5450	5451	-1
5452	1170	-1
5365	1102	-1
5365	5453	-1
5454	5455	-1
5456	5457	-1
5456	5455	-1
5458	5459	-1
1049	5426	-1
5460	5461	-1
5462	5463	-1
5398	1071	-1
5398	5464	-1
5398	5465	-1
5398	5466	-1
5467	5468	-1
1057	5469	-1
5470	5401	-1
1059	5471	-1
1064	5459	-1
5472	1074	-1
5473	5474	-1
5475	1123	-1
5476	5354	-1
5476	5477	-1
5478	1094	-1
5479	5406	-1
5479	5471	-1
5480	5481	-1
1069	1238	-1
1069	5482	-1
1072	5483	-1
1077	5326	-1
1079	1262	-1
5484	5485	-1
5484	5387	-1
5484	1331	-1
5432	5486	-1
1082	1288	-1
1082	5487	-1
5324	5488	-1
5489	1132	-1
5490	5491	-1
5490	5492	-1
5490	5493	-1
5494	5495	-1
1086	5360	-1
5495	1347	-1
5375	5496	-1
5375	5497	-1
5498	1196	-1
5499	5420	-1
5500	5491	-1
5500	5411	-1
1094	5360	-1
5457	5360	-1
5501	5502	-1
1099	5503	-1
5504	5505	-1
5504	5506	-1
5504	1267	-1
5507	5508	-1
5483	1345	-1
1103	5394	-1
1107	5509	-1
5410	5352	-1
5510	1198	-1
5510	5511	-1
5510	5512	-1
5513	5514	-1
5513	5515	-1
5516	5517	-1
5518	5519	-1
5459	1264	-1
5520	5355	-1
5521	1225	-1
5522	1255	-1
5523	5524	-1
5525	5413	-1
1128	1151	-1
5418	1186	-1
5517	5338	-1
5403	5526	-1
5403	5527	-1
1132	5519	-1
1135	5528	-1
1134	5529	-1
1134	1338	-1
5474	1335	-1
1145	5530	-1
5531	5344	-1
5532	1172	-1
5532	1199	-1
5533	5534	-1
5535	1290	-1
5536	5512	-1
5537	5538	-1
5539	5540	-1
5539	1400	-1
1167	1339	-1
5541	5542	-1
5541	5543	-1
5544	5446	-1
5545	5546	-1
5547	5548	-1
5547	5549	-1
1187	1381	-1
5550	5519	-1
5551	5394	-1
5552	1254	-1
5553	5344	-1
5428	5554	-1
5555	5556	-1
5557	5354	-1
5558	1404	-1
1200	5559	-1
1204	5477	-1
1208	5538	-1
5559	5377	-1
5485	5393	-1
5560	1293	-1
5561	5554	-1
5446	5344	-1
5562	5411	-1
5562	1436	-1
5556	1402	-1
1229	5477	-1
5357	5526	-1
1232	5563	-1
5548	1238	-1
5548	5564	-1
5565	1341	-1
5566	5567	-1
5568	1265	-1
5568	1395	-1
5569	5570	-1
1249	5408	-1
5571	1293	-1
1253	5345	-1
5572	5377	-1
5572	5360	-1
1259	1394	-1
1260	1394	-1
1264	5402	-1
5511	5330	-1
5511	5573	-1
1268	5574	-1
1286	5575	-1
5503	5420	-1
5503	1346	-1
1288	5576	-1
5377	5344	-1
1293	5423	-1
5444	1324	-1
5542	1317	-1
5481	1393	-1
5564	5453	-1
5515	5577	-1
1301	5578	-1
5579	5580	-1
5581	5554	-1
5534	5471	-1
5582	5420	-1
1318	1378	-1
5437	5583	-1
5577	5584	-1
5585	5586	-1
5587	1374	-1
5330	5588	-1
5589	1436	-1
5590	5325	-1
5591	5527	-1
5574	5584	-1
5394	5592	-1
1376	5593	-1
5594	5580	-1
5415	5595	-1
5413	5596	-1
5455	5453	-1
5597	5598	-1
5599	1496	-1
5600	5601	-1
1441	5602	-1
1443	5603	-1
5604	5605	-1
5606	1484	-1
5606	5607	-1
1445	5608	-1
1447	5609	-1
1451	5610	-1
1453	5611	-1
1454	1881	-1
5612	5613	-1
5614	5615	-1
5616	5609	-1
5617	5618	-1
5617	5619	-1
5617	5620	-1
5621	5622	-1
5623	5624	-1
5623	1593	-1
5623	5625	-1
5626	5627	-1
5626	5628	-1
5629	1858	-1
1459	5630	-1
5631	5632	-1
5633	5634	-1
5635	1692	-1
5636	5637	-1
1467	5638	-1
1470	5639	-1
1473	5640	-1
1473	5641	-1
1471	5642	-1
1469	5643	-1
5644	5645	-1
5646	1722	-1
1480	5647	-1
5648	1820	-1
5649	5650	-1
1483	5651	-1
5652	1832	-1
5650	5653	-1
1486	5654	-1
5655	5656	-1
1488	5657	-1
5658	5659	-1
5658	5660	-1
5658	1886	-1
5661	5662	-1
5661	5663	-1
5661	1790	-1
5664	5665	-1
5666	5667	-1
5666	5668	-1
1494	5654	-1
1494	5627	-1
5669	5670	-1
5671	5672	-1
5673	5674	-1
5675	1550	-1
5675	5676	-1
5677	5678	-1
5677	1721	-1
5679	5680	-1
5665	5643	-1
5665	5681	-1
5682	5683	-1
5684	5685	-1
5686	5687	-1
5688	5689	-1
1495	5690	-1
5691	5692	-1
5693	5694	-1
5695	1591	-1
5696	1550	-1
5697	1508	-1
5698	5699	-1
5698	5700	-1
1501	5701	-1
5702	1793	-1
5703	1641	-1
5704	5705	-1
5704	5706	-1
1505	5707	-1
5651	5708	-1
5610	5709	-1
5710	5711	-1
5710	5712	-1
1508	5713	-1
5654	5714	-1
5715	5716	-1
1514	5717	-1
5718	1844	-1
5719	5720	-1
5721	5685	-1
5722	5694	-1
1531	5723	-1
5724	1847	-1
5725	5726	-1
1535	5727	-1
5647	5728	-1
5729	5730	-1
5729	5731	-1
5729	5732	-1
5733	1683	-1
5734	5735	-1
5736	5737	-1
5738	5739	-1
5738	1756	-1
5740	5741	-1
5742	5743	-1
5744	5745	-1
5746	5747	-1
5748	5674	-1
5748	5749	-1
1545	5750	-1
1545	5751	-1
1547	5750	-1
1547	1703	-1
1547	1732	-1
5752	5727	-1
5752	5753	-1
5754	1576	-1
5754	5755	-1
5680	5756	-1
5680	1771	-1
5757	5758	-1
5759	5760	-1
5759	5706	-1
5761	5657	-1
5762	5763	-1
5764	5765	-1
5766	5637	-1
5767	5768	-1
5672	5769	-1
5672	5743	-1
5770	5708	-1
1548	5771	-1
1548	5772	-1
1549	5773	-1
5645	5774	-1
5775	5776	-1
5775	5653	-1
5745	5777	-1
5778	5779	-1
5780	5781	-1
1552	5782	-1
1553	5638	-1
5783	5656	-1
5783	5784	-1
5785	5605	-1
5786	5625	-1
5787	5788	-1
5789	1578	-1
5789	5790	-1
5662	5609	-1
5619	5598	-1
5619	5791	-1
1564	5788	-1
5674	5792	-1
5674	5793	-1
1569	5794	-1
5795	5750	-1
5598	5796	-1
1578	5685	-1
5720	5687	-1
5779	5797	-1
5779	1711	-1
5798	5773	-1
1581	5728	-1
5799	5792	-1
5799	1835	-1
1582	5735	-1
5709	1600	-1
5709	5800	-1
5709	1739	-1
5709	1789	-1
5801	5802	-1
5803	5804	-1
5741	5805	-1
5663	1739	-1
5806	5807	-1
5690	1609	-1
5643	5753	-1
1596	5808	-1
1594	1770	-1
5809	1752	-1
5810	5805	-1
5811	5694	-1
5811	5812	-1
5627	5813	-1
5627	5814	-1
1601	1666	-1
1601	5815	-1
5816	1646	-1
5816	5716	-1
1603	5760	-1
5817	1639	-1
5657	5602	-1
5605	5818	-1
5819	5820	-1
5819	5808	-1
5821	1889	-1
5771	5808	-1
5771	5822	-1
5823	1619	-1
5823	5824	-1
5749	5685	-1
5825	5826	-1
5727	5827	-1
5828	5638	-1
5828	1892	-1
5660	5829	-1
5830	5760	-1
5830	5815	-1
1618	5831	-1
1619	5755	-1
5832	5683	-1
5833	5834	-1
5835	5836	-1
5835	5837	-1
1626	1642	-1
5838	5839	-1
5753	5739	-1
5753	5840	-1
5753	1886	-1
1643	5812	-1
1644	1691	-1
1666	5841	-1
5842	5843	-1
5844	5603	-1
5845	5846	-1
5845	5847	-1
5694	5848	-1
5849	5743	-1
1681	5769	-1
1685	5850	-1
1685	5630	-1
5774	1774	-1
5851	5852	-1
5609	5608	-1
1687	5853	-1
1689	5815	-1
5854	1857	-1
5850	5855	-1
5813	5856	-1
5813	5857	-1
1692	1819	-1
5632	1852	-1
5858	5743	-1
5739	5834	-1
5701	5714	-1
5856	5820	-1
5859	5751	-1
5859	5860	-1
5861	5862	-1
5638	5863	-1
5638	1824	-1
5864	1726	-1
5865	5866	-1
5867	1803	-1
5867	5868	-1
5820	5630	-1
5869	5847	-1
5731	5630	-1
5870	5853	-1
5805	5700	-1
5871	1832	-1
5800	1775	-1
1725	1793	-1
5872	5873	-1
1730	1889	-1
1731	5866	-1
5874	5875	-1
5843	5852	-1
1737	5735	-1
5876	5877	-1
5876	5685	-1
5681	5878	-1
5681	1872	-1
5784	5768	-1
5784	1838	-1
5879	5687	-1
5879	5880	-1
5879	5881	-1
1787	1842	-1
1792	5860	-1
5882	5883	-1
5884	1887	-1
5885	5886	-1
5769	5887	-1
5822	5888	-1
1832	1843	-1
5889	5723	-1
5889	5890	-1
5615	5891	-1
5892	5893	-1
5894	5895	-1
5894	5896	-1
5897	5898	-1
5897	5899	-1
5900	5901	-1
5900	5902	-1
5903	5904	-1
1895	5905	-1
5906	5907	-1
5908	5909	-1
5908	1945	-1
5910	1943	-1
5910	5911	-1
5912	2218	-1
1897	2074	-1
5913	5901	-1
5914	5915	-1
5916	5917	-1
5916	5918	-1
5919	5920	-1
1900	2222	-1
1902	5921	-1
1903	5922	-1
1903	5923	-1
1907	5924	-1
5925	2261	-1
5925	2297	-1
5926	2084	-1
5926	5927	-1
5926	5928	-1
5926	2209	-1
5929	2068	-1
5930	5931	-1
5930	2115	-1
1913	5932	-1
1913	2063	-1
1913	5895	-1
5933	5934	-1
5933	2233	-1
5935	5936	-1
5937	5938	-1
1915	2107	-1
1920	5939	-1
1922	2116	-1
1922	5940	-1
1923	2076	-1
5941	5942	-1
1927	5943	-1
1928	5944	-1
5945	5946	-1
5947	5948	-1
5949	5950	-1
5951	5952	-1
1931	5953	-1
1932	5954	-1
1933	5955	-1
5956	5957	-1
1937	5958	-1
5959	5960	-1
5961	5962	-1
5961	5963	-1
1938	5964	-1
5965	5964	-1
5965	5966	-1
5965	5967	-1
5965	5968	-1
5965	5969	-1
5970	5971	-1
5972	2327	-1
1940	5973	-1
1941	2070	-1
5974	5975	-1
1943	2283	-1
1945	5976	-1
1945	5977	-1
1949	5978	-1
1950	5979	-1
1953	5980	-1
5981	5982	-1
5983	5984	-1
5983	5985	-1
5983	5986	-1
5987	5988	-1
5989	2106	-1
5989	5944	-1
5990	5978	-1
5990	5991	-1
5990	5992	-1
5993	5994	-1
1956	2055	-1
1958	5995	-1
5996	5918	-1
5996	5997	-1
5998	5977	-1
1965	5999	-1
1966	2233	-1
6000	5999	-1
6000	5896	-1
6000	6001	-1
6000	6002	-1
6003	5904	-1
6004	5917	-1
6004	6005	-1
6006	6007	-1
1983	2151	-1
1985	6008	-1
6009	6010	-1
6009	6011	-1
1997	2169	-1
2001	2190	-1
6012	6013	-1
6014	6015	-1
6014	6016	-1
6014	6017	-1
6014	6018	-1
2002	6019	-1
6020	6021	-1
6020	2312	-1
6022	6023	-1
6024	6025	-1
6024	6026	-1
6027	5978	-1
6027	6028	-1
6027	6029	-1
5954	6030	-1
5954	6031	-1
5962	6032	-1
6033	6034	-1
6033	6035	-1
6036	6037	-1
6038	2053	-1
6039	6040	-1
6041	2191	-1
6042	6043	-1
2030	2136	-1
5946	6044	-1
6045	5978	-1
6046	6047	-1
6048	5982	-1
6048	6049	-1
5971	2054	-1
2036	6050	-1
6051	2120	-1
6051	6052	-1
6053	5898	-1
5917	6054	-1
6055	6025	-1
2038	5924	-1
6056	2175	-1
6032	2142	-1
6032	5955	-1
6032	2177	-1
6057	6058	-1
5920	6059	-1
6060	2151	-1
2043	2251	-1
6058	2073	-1
6058	2107	-1
6015	6061	-1
5963	5957	-1
6062	6063	-1
2046	2177	-1
6064	6065	-1
2054	5896	-1
2056	6066	-1
5948	6067	-1
6068	6069	-1
6067	2193	-1
2057	5955	-1
6070	6071	-1
6072	6073	-1
6074	6075	-1
5964	6076	-1
5964	2338	-1
5984	6077	-1
5984	6078	-1
2076	6079	-1
6080	6081	-1
6082	6083	-1
6084	6085	-1
6086	6087	-1
6088	2252	-1
2077	2322	-1
6089	6090	-1
6091	6092	-1
6091	6093	-1
2088	2222	-1
2089	6035	-1
6094	6095	-1
6094	6096	-1
5979	2139	-1
5979	6031	-1
5905	2248	-1
6097	6098	-1
5927	6052	-1
5978	6099	-1
5978	2269	-1
6063	5936	-1
2095	6100	-1
6101	6102	-1
6103	6104	-1
2097	5955	-1
2098	2224	-1
6105	6106	-1
6105	2183	-1
6105	6107	-1
6108	6109	-1
6110	6111	-1
6099	5918	-1
2099	6087	-1
2100	6112	-1
2100	6065	-1
6113	6114	-1
6113	2323	-1
6115	2145	-1
6115	6116	-1
6073	2152	-1
6117	6118	-1
6083	6119	-1
6083	6120	-1
6034	6121	-1
6034	6120	-1
6093	6122	-1
6123	6085	-1
6123	6124	-1
6112	2329	-1
6109	2118	-1
6125	6121	-1
6126	2190	-1
5999	6047	-1
2118	6127	-1
6128	6129	-1
6128	6130	-1
6054	2138	-1
6054	6131	-1
6054	2317	-1
6132	6133	-1
2130	5992	-1
2133	2141	-1
6134	6135	-1
6134	6114	-1
5934	2151	-1
5934	5944	-1
2136	6136	-1
6133	6029	-1
2137	6137	-1
2138	6138	-1
6139	6140	-1
6139	6011	-1
6141	6142	-1
6141	5904	-1
6141	5992	-1
6143	2178	-1
6144	2201	-1
6144	6145	-1
6146	6065	-1
2146	5957	-1
5940	6147	-1
2150	6127	-1
6121	2252	-1
6148	6127	-1
6149	6150	-1
6149	6047	-1
6138	6140	-1
5902	6151	-1
6019	6152	-1
6031	6153	-1
2162	6154	-1
2170	6155	-1
2170	2210	-1
2170	2221	-1
6090	2220	-1
6037	2322	-1
6156	2267	-1
5985	2315	-1
6157	6079	-1
6158	6061	-1
5968	6159	-1
6160	6079	-1
6076	6161	-1
5953	6162	-1
6120	6018	-1
6163	5977	-1
2219	6164	-1
6165	6166	-1
6167	6168	-1
6169	6170	-1
6001	6171	-1
6172	6173	-1
6102	6174	-1
6152	2253	-1
6047	6168	-1
6175	6176	-1
6175	2277	-1
2260	6164	-1
6135	6040	-1
6177	2335	-1
6178	6179	-1
6180	6181	-1
6171	2333	-1
6182	6183	-1
6182	6184	-1
2343	6185	-1
2344	6186	-1
6187	2570	-1
6188	6189	-1
6190	6191	-1
6190	6192	-1
6190	2697	-1
6190	6193	-1
6194	6195	-1
6194	6196	-1
6194	6186	-1
6197	2588	-1
6198	2753	-1
6199	6200	-1
6201	6202	-1
6201	6203	-1
6201	6204	-1
2362	6205	-1
2363	2391	-1
6206	6207	-1
6206	6208	-1
6206	6209	-1
6210	6211	-1
6212	2387	-1
6213	6214	-1
6215	6216	-1
6215	6217	-1
6215	2613	-1
6215	2781	-1
6218	6219	-1
6218	2711	-1
6220	6221	-1
6220	6222	-1
6220	6223	-1
2368	6224	-1
2368	6225	-1
6226	6227	-1
6226	6228	-1
6229	6230	-1
6231	6232	-1
6231	6233	-1
6234	6235	-1
6234	6236	-1
6237	6238	-1
6239	6240	-1
2371	6241	-1
2371	6242	-1
2371	6243	-1
6202	6244	-1
6202	2716	-1
6245	6246	-1
6247	2452	-1
6247	6248	-1
6247	6249	-1
2375	2690	-1
2385	6250	-1
2385	6214	-1
2386	6251	-1
2388	2542	-1
6252	6253	-1
6254	6255	-1
6254	6256	-1
6200	6257	-1
6258	6259	-1
6258	6260	-1
6258	6261	-1
6262	2662	-1
6263	6264	-1
6263	6265	-1
6263	2689	-1
6266	6267	-1
6266	6268	-1
6269	6255	-1
6269	2655	-1
2392	2516	-1
2393	6270	-1
6207	6271	-1
6207	6272	-1
2395	6204	-1
6273	6274	-1
6275	2544	-1
6276	6277	-1
2397	6233	-1
2398	6274	-1
6278	6279	-1
6280	2568	-1
6281	6282	-1
6224	6283	-1
6195	6284	-1
6195	6285	-1
6286	6287	-1
2400	6288	-1
6289	6290	-1
6291	6292	-1
6291	2697	-1
6293	6294	-1
6295	6296	-1
2401	2600	-1
6297	6298	-1
6299	6300	-1
2405	6301	-1
6302	6303	-1
6304	6305	-1
6238	6306	-1
2415	6307	-1
6308	6309	-1
6310	2667	-1
6311	6312	-1
6313	6314	-1
6315	6316	-1
6240	2733	-1
6317	2665	-1
6317	6318	-1
2421	6319	-1
6320	6321	-1
6322	2701	-1
6323	2427	-1
6323	6324	-1
6325	2439	-1
6325	6326	-1
6287	6298	-1
2426	6318	-1
6327	6301	-1
6196	6328	-1
6196	6329	-1
6330	6331	-1
6330	6332	-1
6333	6260	-1
6333	6334	-1
6333	2687	-1
2441	2453	-1
2443	2449	-1
2446	2584	-1
6335	6283	-1
6336	6337	-1
6338	6339	-1
6340	6341	-1
2449	6342	-1
2450	6343	-1
2450	6344	-1
2451	6345	-1
6346	6214	-1
2452	6347	-1
2455	6305	-1
6348	6344	-1
2463	6349	-1
6284	6350	-1
6351	2525	-1
6352	6353	-1
6352	2618	-1
6354	2518	-1
6355	6356	-1
6357	2693	-1
2471	2567	-1
2471	6358	-1
6359	6360	-1
6361	2546	-1
6362	6255	-1
6363	6324	-1
6364	6365	-1
6366	6367	-1
6366	6368	-1
6369	6370	-1
6343	6233	-1
2475	2525	-1
6371	6372	-1
2489	2590	-1
2489	2652	-1
6373	6374	-1
6373	6375	-1
6376	6246	-1
6259	6377	-1
6378	6379	-1
2495	6380	-1
2496	6381	-1
6382	6383	-1
6384	6385	-1
6386	6387	-1
6388	2566	-1
2512	6389	-1
6372	6235	-1
2516	6367	-1
2517	6390	-1
2524	2563	-1
6391	6392	-1
6393	6394	-1
6395	6396	-1
6395	6397	-1
6248	6316	-1
2535	6227	-1
2537	6398	-1
6399	6400	-1
6399	6401	-1
6402	6403	-1
6404	2573	-1
6405	6370	-1
6270	6406	-1
2541	6407	-1
6408	6409	-1
6396	6260	-1
6396	6334	-1
6396	6410	-1
2543	6411	-1
6412	6244	-1
6205	2556	-1
6205	6377	-1
2554	6413	-1
6414	6193	-1
6415	6329	-1
2558	6416	-1
6417	2701	-1
6418	6356	-1
2560	2691	-1
6419	6420	-1
6421	6406	-1
6421	6422	-1
6423	6424	-1
6425	6426	-1
6427	2581	-1
6427	6360	-1
6428	6370	-1
2569	6429	-1
6250	6430	-1
6250	6285	-1
2573	6409	-1
6431	6394	-1
2575	6324	-1
6432	2705	-1
6433	2623	-1
6367	6434	-1
6274	2616	-1
6211	6312	-1
2589	6324	-1
6411	6334	-1
6435	6328	-1
2592	6436	-1
6437	2645	-1
6437	6438	-1
2595	6439	-1
2596	6440	-1
6416	6441	-1
6416	6442	-1
6443	2735	-1
6444	6445	-1
6429	2690	-1
6279	6409	-1
6390	6446	-1
2599	2627	-1
2600	6342	-1
2609	6447	-1
6448	6449	-1
6409	2638	-1
2610	6440	-1
6232	6450	-1
6268	6451	-1
6301	6452	-1
6453	6314	-1
6292	6454	-1
2628	6455	-1
6209	6183	-1
6209	2702	-1
6430	6456	-1
6403	6457	-1
6456	6458	-1
6459	2700	-1
2652	6460	-1
2654	6461	-1
2660	6375	-1
6272	6193	-1
6256	2717	-1
6256	2779	-1
6462	6463	-1
6462	6464	-1
6401	6455	-1
6203	6465	-1
6466	6249	-1
6467	2718	-1
2687	6450	-1
6397	6468	-1
6469	6360	-1
6470	6377	-1
6470	6471	-1
6370	6344	-1
2699	6472	-1
6464	6447	-1
6473	6474	-1
2701	2712	-1
2705	6447	-1
2707	2747	-1
6283	6446	-1
6303	6475	-1
6350	2729	-1
6344	2754	-1
6441	6476	-1
6385	6365	-1
6329	6477	-1
6228	6223	-1
2763	2781	-1
6478	6479	-1
6480	3239	-1
6481	6482	-1
6483	6484	-1
6483	6485	-1
6483	3185	-1
2791	6486	-1
6487	6488	-1
6489	2958	-1
6490	6491	-1
6490	3016	-1
6490	6492	-1
6490	6493	-1
6490	6494	-1
6495	6496	-1
6495	6497	-1
6498	6499	-1
6500	6501	-1
6502	6493	-1
6503	6504	-1
6503	6505	-1
6503	6506	-1
2797	6507	-1
6508	6509	-1
6508	6510	-1
6511	6512	-1
6511	6513	-1
6514	6515	-1
6514	6516	-1
6514	6517	-1
2803	6518	-1
6519	6520	-1
6519	2904	-1
6520	6521	-1
2813	6510	-1
2815	6522	-1
2816	6512	-1
6523	6524	-1
6525	6526	-1
6527	3129	-1
2819	6528	-1
2821	6529	-1
2821	6530	-1
2822	6531	-1
6532	2823	-1
6533	6534	-1
6533	6535	-1
6533	6510	-1
6536	6537	-1
6538	3050	-1
6539	6540	-1
6541	6542	-1
6541	2893	-1
6543	6544	-1
6545	6546	-1
6547	6548	-1
6549	6491	-1
6549	6550	-1
6551	3064	-1
6551	3179	-1
6551	6552	-1
2832	6553	-1
6554	6555	-1
6556	6557	-1
6558	6559	-1
2836	6494	-1
2839	6560	-1
6561	6562	-1
6561	3142	-1
6563	6564	-1
6565	6566	-1
6565	3236	-1
6567	6568	-1
6567	6569	-1
6570	3206	-1
2852	2871	-1
2852	6571	-1
6479	6517	-1
6479	6506	-1
6542	6572	-1
2855	6573	-1
2856	2980	-1
6574	6575	-1
6576	3271	-1
6577	6578	-1
6579	6580	-1
6579	6581	-1
2861	6582	-1
6583	6584	-1
2864	6585	-1
2864	6524	-1
6562	3239	-1
6586	6587	-1
2867	6588	-1
2869	6504	-1
6589	6590	-1
6591	6592	-1
6593	3167	-1
6594	3180	-1
6595	2935	-1
6596	6597	-1
6598	3217	-1
6599	6600	-1
6601	6602	-1
6603	3002	-1
6604	6605	-1
2875	6606	-1
2876	6607	-1
6608	2980	-1
6609	6610	-1
6611	6584	-1
6611	2973	-1
6611	6612	-1
6568	6613	-1
6614	6615	-1
6614	6616	-1
6614	6546	-1
6614	6617	-1
6614	6618	-1
6619	6620	-1
6621	6622	-1
6615	3082	-1
6623	3192	-1
2889	6624	-1
6625	6626	-1
2890	6627	-1
2891	6628	-1
2891	3251	-1
2892	6610	-1
6629	6630	-1
6631	6632	-1
6633	2979	-1
6633	3187	-1
2896	6634	-1
2898	3159	-1
6616	6569	-1
6635	3097	-1
6635	6636	-1
6515	6637	-1
6544	6638	-1
6544	3271	-1
6639	6640	-1
6641	6642	-1
2904	6643	-1
6644	3097	-1
6571	6645	-1
6571	6646	-1
6647	6648	-1
6647	6588	-1
6647	6643	-1
6649	6650	-1
6651	6652	-1
6653	3153	-1
6653	3189	-1
6654	3054	-1
6654	6605	-1
6655	3052	-1
6655	6656	-1
6655	6657	-1
6507	6605	-1
2913	3085	-1
6610	6658	-1
6659	6660	-1
6661	6662	-1
2917	6663	-1
6559	6597	-1
2920	6664	-1
6518	6588	-1
6665	6666	-1
6667	3084	-1
6668	6669	-1
6670	3006	-1
6670	6671	-1
2933	6494	-1
2935	6672	-1
2939	6673	-1
6674	3214	-1
6602	2955	-1
6602	6675	-1
6676	6677	-1
6678	6679	-1
2944	6555	-1
6680	6681	-1
6626	6682	-1
6626	3213	-1
2945	6683	-1
6684	6685	-1
6686	3022	-1
6687	6688	-1
6687	6645	-1
6689	3203	-1
2958	6690	-1
6691	6692	-1
6693	6669	-1
6694	3195	-1
6695	6696	-1
6697	6698	-1
6699	3284	-1
6700	6671	-1
6701	6702	-1
2985	6703	-1
6704	6705	-1
6706	6607	-1
6706	6493	-1
6548	3214	-1
6707	6587	-1
6491	6708	-1
6709	6710	-1
6711	3138	-1
3014	6628	-1
3016	6712	-1
3017	6713	-1
3017	6698	-1
6714	6531	-1
3021	6715	-1
6637	6716	-1
6717	6718	-1
6717	6719	-1
6587	6720	-1
6587	6524	-1
6587	3229	-1
6721	6722	-1
6696	6555	-1
6692	3229	-1
6690	3166	-1
6690	6723	-1
6690	6724	-1
6725	6726	-1
6688	6664	-1
6727	6728	-1
6727	6729	-1
6730	6731	-1
3051	3184	-1
6732	6657	-1
3053	6664	-1
6733	6734	-1
6735	3211	-1
3058	6736	-1
6737	6524	-1
6737	6738	-1
6739	3113	-1
6488	3284	-1
3082	3099	-1
6740	3146	-1
6741	6742	-1
3084	6743	-1
3084	3270	-1
6492	6744	-1
6745	3170	-1
6745	6658	-1
6746	6664	-1
6747	6748	-1
6749	6750	-1
6750	6751	-1
6650	6752	-1
3097	6648	-1
6753	6754	-1
6755	6756	-1
6632	3245	-1
6757	6724	-1
6758	3185	-1
6742	6759	-1
3108	6760	-1
6761	6698	-1
3112	6762	-1
3116	3212	-1
6763	6764	-1
6578	6765	-1
3119	6720	-1
3130	6572	-1
6671	3207	-1
6722	3185	-1
3139	3185	-1
6736	6766	-1
6736	6767	-1
6768	3149	-1
6768	6510	-1
6768	6769	-1
3151	6751	-1
6600	6535	-1
6493	6738	-1
6770	3216	-1
6771	6772	-1
6773	3203	-1
6759	6774	-1
3188	6513	-1
6715	6506	-1
6766	6769	-1
6648	6775	-1
6776	3218	-1
6776	6777	-1
6778	6779	-1
3199	6765	-1
6751	6780	-1
6588	6748	-1
6781	6782	-1
6783	6784	-1
6716	6738	-1
6785	6643	-1
3285	6636	-1
6786	6787	-1
6786	6788	-1
6786	3691	-1
6789	6790	-1
6791	6792	-1
6793	6794	-1
6795	3374	-1
6795	3637	-1
6796	3451	-1
6796	6797	-1
6796	6798	-1
6796	3689	-1
6796	6799	-1
6800	6801	-1
6802	3761	-1
6787	3713	-1
6803	3293	-1
6803	6804	-1
6805	3687	-1
6805	3716	-1
3291	6806	-1
3292	6807	-1
3292	6808	-1
3294	6809	-1
6810	6811	-1
6812	6813	-1
6814	6815	-1
6814	6816	-1
6814	6817	-1
3297	6818	-1
6819	6820	-1
6821	6822	-1
6788	6811	-1
3302	6823	-1
6824	6825	-1
6826	6827	-1
6828	3759	-1
6829	3719	-1
6830	6831	-1
6830	3398	-1
6832	6833	-1
6834	6835	-1
6836	6837	-1
6838	3634	-1
3315	6839	-1
3316	6840	-1
6841	6842	-1
6804	6843	-1
6844	6845	-1
6846	6847	-1
6846	3482	-1
6848	6849	-1
6850	6851	-1
6809	3464	-1
6852	6853	-1
6840	6854	-1
6855	3347	-1
6855	6856	-1
6857	6858	-1
6859	6860	-1
6861	3557	-1
6862	6863	-1
6862	3575	-1
6864	3320	-1
6865	3682	-1
6866	6867	-1
6868	6869	-1
6868	6870	-1
6871	6872	-1
6871	6873	-1
6874	6875	-1
3326	6876	-1
6877	3718	-1
6878	3619	-1
6879	6880	-1
6879	6881	-1
6879	3589	-1
6879	6882	-1
6883	6884	-1
6885	6886	-1
3339	6887	-1
3340	6888	-1
6889	6890	-1
6889	6891	-1
6872	6825	-1
6892	6873	-1
6827	3530	-1
6893	6894	-1
6893	6895	-1
3344	3369	-1
6822	6896	-1
3347	6897	-1
6898	3638	-1
6899	6900	-1
6831	6901	-1
6902	6903	-1
6902	6904	-1
6905	6906	-1
6905	6907	-1
6905	6908	-1
6909	6794	-1
6910	6897	-1
6910	6911	-1
6912	6913	-1
3354	6887	-1
6914	6915	-1
6914	3621	-1
6914	6916	-1
6914	3667	-1
6917	6818	-1
6917	3648	-1
3360	6918	-1
3364	6919	-1
3364	3515	-1
3364	6920	-1
6884	6921	-1
3366	6922	-1
6923	6924	-1
6925	3378	-1
6925	3393	-1
3367	3437	-1
3367	3585	-1
3370	6926	-1
6926	6927	-1
3373	6915	-1
6928	6929	-1
6930	6931	-1
6932	6933	-1
6934	6935	-1
6922	3411	-1
6922	6936	-1
6937	6938	-1
6939	3637	-1
6940	6941	-1
6940	6942	-1
6940	3670	-1
6943	3577	-1
6944	3536	-1
3380	6945	-1
6946	6888	-1
6947	6948	-1
6949	6790	-1
6949	6950	-1
6847	3568	-1
6847	6951	-1
3392	6952	-1
3392	6953	-1
6954	6955	-1
3397	6956	-1
3398	6957	-1
3406	6958	-1
3407	6959	-1
6960	3581	-1
6807	6961	-1
6956	6962	-1
6956	6963	-1
6964	6965	-1
6966	3528	-1
6966	6967	-1
6968	6969	-1
6970	6808	-1
3418	6971	-1
3419	3525	-1
3419	6972	-1
6806	6973	-1
6806	6974	-1
6915	6975	-1
6976	3542	-1
6977	6978	-1
6977	6979	-1
3424	3640	-1
3425	6881	-1
6980	6851	-1
6913	6981	-1
6982	3595	-1
6894	3636	-1
6983	6984	-1
6887	6985	-1
6986	6987	-1
6986	6988	-1
6986	3687	-1
6989	6990	-1
6991	6992	-1
6876	3535	-1
6993	6967	-1
6993	3660	-1
6994	6995	-1
6959	6903	-1
6959	6996	-1
6997	6998	-1
6999	7000	-1
7001	6973	-1
7002	7003	-1
3448	7004	-1
6938	7005	-1
7006	7007	-1
7006	7008	-1
7009	3494	-1
7009	6890	-1
7009	6924	-1
7010	7011	-1
7010	3608	-1
7012	7013	-1
7014	6811	-1
7015	7016	-1
7015	3718	-1
6918	7017	-1
3470	7018	-1
6900	6978	-1
6794	3599	-1
3473	7019	-1
3474	7020	-1
3474	7021	-1
3475	7022	-1
3476	6957	-1
3478	3713	-1
7023	7024	-1
7025	3530	-1
7025	7021	-1
3481	7026	-1
7027	7028	-1
6839	7029	-1
7030	7031	-1
3493	3718	-1
3502	6984	-1
3504	6799	-1
3515	3729	-1
7032	3611	-1
6981	7033	-1
7034	7035	-1
6890	7036	-1
6851	6823	-1
6881	7037	-1
7038	6931	-1
6811	7039	-1
3528	7017	-1
7040	7041	-1
7042	7043	-1
7042	7024	-1
7044	3531	-1
7045	6792	-1
3541	7046	-1
7047	6933	-1
7048	7007	-1
7049	6936	-1
3562	3650	-1
6907	6967	-1
7050	7051	-1
7052	6953	-1
7053	6816	-1
7054	6856	-1
7055	7056	-1
7057	7041	-1
7058	3643	-1
7058	3762	-1
6835	7059	-1
7060	7061	-1
7060	7062	-1
3582	6952	-1
3582	7063	-1
7064	6933	-1
6888	6799	-1
7065	7066	-1
6990	3733	-1
7067	7068	-1
7069	7070	-1
7071	6953	-1
3604	6911	-1
7072	7073	-1
3613	3617	-1
6818	6817	-1
6818	7074	-1
7075	7076	-1
7077	7078	-1
7077	7079	-1
7080	6985	-1
7016	6988	-1
7081	6870	-1
7081	6992	-1
3645	7082	-1
6978	6891	-1
6978	7024	-1
7083	7084	-1
7061	7085	-1
6897	7086	-1
6891	7084	-1
6792	7021	-1
3658	7076	-1
7004	3668	-1
7031	7087	-1
7088	7089	-1
7085	7090	-1
7091	7092	-1
7093	7094	-1
7043	3721	-1
7043	7024	-1
7095	3744	-1
6825	7096	-1
7097	6961	-1
7096	7098	-1
7099	7100	-1
7099	3949	-1
7099	7101	-1
7099	7102	-1
7099	7103	-1
7104	7105	-1
3764	7106	-1
3765	7107	-1
3774	7108	-1
3778	7109	-1
7110	4203	-1
3780	7111	-1
3781	7112	-1
7113	7114	-1
7115	7116	-1
3783	7117	-1
7118	7119	-1
7118	4051	-1
7120	7121	-1
7120	4152	-1
3788	7122	-1
7123	4110	-1
7124	7125	-1
7124	7126	-1
7127	7128	-1
7127	7129	-1
7127	7130	-1
7127	7131	-1
7132	7133	-1
7132	7134	-1
3800	4106	-1
7135	3904	-1
7136	7137	-1
7136	4117	-1
7138	7139	-1
7140	7141	-1
7142	7143	-1
7142	4199	-1
3803	7144	-1
3804	7145	-1
3807	7146	-1
7147	7148	-1
7149	7150	-1
7151	7152	-1
7151	7153	-1
7154	3825	-1
7154	7155	-1
7156	7157	-1
7158	7159	-1
3808	7160	-1
3808	4125	-1
7161	7162	-1
3816	3971	-1
7163	7116	-1
7164	3905	-1
7165	7166	-1
7167	7168	-1
7169	7170	-1
7171	3886	-1
7172	3949	-1
3823	7173	-1
3824	7174	-1
7175	7176	-1
7175	7177	-1
7175	4123	-1
7178	7179	-1
7178	7180	-1
7181	7182	-1
7181	4060	-1
3826	4046	-1
7183	7184	-1
7185	7186	-1
7185	7159	-1
7187	7188	-1
7189	7190	-1
7189	7191	-1
7192	7193	-1
7194	7195	-1
3833	7196	-1
3833	7197	-1
3834	7198	-1
3837	7199	-1
3846	7200	-1
7201	7202	-1
7201	7203	-1
3847	7204	-1
3847	7205	-1
7152	4184	-1
3851	7206	-1
3851	7207	-1
7208	7209	-1
7210	7211	-1
7210	7212	-1
7210	7213	-1
7214	3890	-1
3858	7215	-1
3858	7216	-1
7148	7217	-1
7148	7218	-1
7148	4214	-1
3860	7219	-1
3860	7220	-1
7221	7222	-1
3862	7212	-1
3862	7223	-1
7224	7225	-1
7224	4070	-1
7226	7227	-1
7228	7177	-1
7227	7229	-1
7230	3999	-1
7230	7231	-1
7232	7166	-1
7232	7233	-1
7234	7235	-1
7234	7236	-1
7234	7237	-1
7238	7239	-1
7238	3997	-1
7240	7241	-1
7242	7243	-1
7244	7245	-1
7139	3888	-1
7190	7133	-1
7246	7247	-1
3877	7168	-1
7248	7249	-1
7250	7239	-1
7250	7251	-1
7252	4132	-1
7128	7253	-1
7254	7255	-1
3880	4024	-1
3881	3992	-1
7256	7257	-1
7256	7258	-1
7256	7259	-1
7106	7260	-1
7196	4159	-1
7261	7262	-1
7261	7263	-1
3882	7264	-1
3883	7219	-1
3885	7265	-1
7209	7266	-1
7267	7253	-1
7267	4050	-1
3904	7211	-1
7202	7268	-1
7202	7269	-1
3906	7243	-1
7270	7186	-1
7265	7271	-1
7272	7273	-1
7166	3972	-1
3912	4123	-1
7274	7275	-1
3919	7223	-1
7146	7262	-1
7276	7277	-1
7117	7206	-1
7278	7279	-1
7280	7262	-1
7280	7281	-1
7282	7212	-1
3925	7283	-1
7284	7285	-1
7197	7286	-1
7287	7288	-1
7287	7155	-1
3935	7289	-1
7290	3983	-1
7291	7292	-1
7291	7293	-1
7291	7294	-1
7295	7296	-1
7295	4188	-1
7186	7198	-1
7129	7297	-1
7298	7108	-1
7299	7293	-1
7300	7134	-1
7301	7126	-1
7302	7303	-1
7302	7304	-1
7305	4186	-1
3960	7306	-1
7307	7308	-1
7307	7309	-1
7310	7311	-1
7310	7312	-1
3969	3974	-1
7313	7314	-1
7313	4187	-1
7315	7316	-1
7279	7317	-1
7219	7318	-1
7219	7319	-1
3976	7145	-1
3977	7320	-1
3977	7321	-1
7322	7323	-1
7160	7114	-1
7133	7324	-1
7133	7325	-1
7235	7112	-1
7326	7327	-1
7328	7329	-1
7150	7330	-1
7320	4077	-1
3989	3990	-1
7184	4103	-1
7308	4072	-1
7308	4079	-1
7308	7134	-1
7308	7331	-1
7332	4181	-1
7332	7333	-1
7334	4106	-1
4011	7321	-1
7335	4146	-1
7107	7336	-1
7286	7337	-1
7338	7103	-1
7339	7321	-1
7116	4032	-1
7340	7155	-1
7340	7289	-1
7144	7319	-1
7341	7342	-1
7296	7134	-1
7108	7343	-1
7330	7262	-1
7330	7344	-1
7330	7170	-1
4024	7345	-1
7346	7273	-1
7347	7143	-1
7347	4186	-1
7348	7349	-1
4034	7321	-1
4041	7145	-1
4042	7350	-1
4042	7229	-1
4043	4233	-1
4046	4140	-1
7351	7259	-1
7352	4060	-1
7352	7349	-1
4048	4122	-1
7353	7354	-1
7243	7343	-1
7168	7112	-1
7168	7237	-1
7112	4153	-1
7283	7195	-1
7283	7333	-1
7355	4069	-1
7356	4125	-1
7357	7358	-1
7357	7359	-1
4063	7360	-1
7285	7170	-1
7361	7342	-1
4067	4124	-1
7362	7363	-1
7180	7159	-1
7264	7364	-1
7264	4195	-1
7193	7200	-1
4071	7365	-1
7294	4144	-1
7366	7247	-1
4080	7336	-1
4080	7367	-1
7368	7369	-1
7370	4153	-1
4087	7371	-1
7369	7372	-1
4089	7373	-1
7374	7375	-1
7130	7376	-1
7377	7207	-1
4103	4154	-1
7195	7378	-1
4119	7379	-1
7380	7381	-1
7380	7382	-1
7383	7162	-1
7384	7381	-1
7311	4185	-1
7385	4128	-1
4131	7386	-1
7336	7387	-1
4145	7213	-1
7388	7354	-1
4147	7153	-1
4151	7317	-1
7304	4164	-1
7263	7389	-1
7390	7391	-1
7390	7392	-1
7390	7393	-1
7394	7395	-1
7394	7396	-1
7394	7397	-1
7398	7399	-1
7400	7401	-1
7402	7403	-1
7404	7405	-1
7404	7406	-1
7405	4425	-1
7405	4495	-1
4242	7407	-1
4243	4708	-1
7408	7409	-1
7408	7410	-1
4246	7411	-1
4246	4338	-1
7412	7413	-1
7412	4601	-1
7412	7414	-1
7415	7416	-1
7415	7417	-1
7418	7419	-1
7418	7420	-1
7418	7421	-1
7422	7423	-1
7424	7425	-1
7426	4309	-1
7426	4687	-1
4253	7427	-1
7428	7429	-1
7428	4409	-1
7430	4488	-1
7430	7431	-1
7430	4632	-1
7432	7433	-1
7432	7434	-1
7435	7436	-1
7437	4690	-1
4259	7438	-1
4262	7439	-1
4265	7440	-1
7441	7442	-1
7441	7443	-1
7441	7444	-1
7441	4416	-1
7441	7445	-1
7446	4313	-1
7446	7447	-1
7446	4660	-1
7448	4322	-1
7448	7449	-1
7450	4697	-1
7451	7452	-1
4274	7392	-1
7453	7395	-1
4283	4522	-1
7454	7455	-1
7456	7457	-1
7458	4507	-1
7459	7460	-1
7459	7461	-1
7423	7462	-1
7463	7461	-1
7464	7465	-1
7464	7466	-1
7467	4365	-1
4286	7468	-1
7469	7470	-1
7471	7472	-1
7442	7473	-1
7442	7474	-1
7442	7475	-1
7476	7477	-1
7478	4426	-1
7479	7480	-1
7479	7481	-1
7406	4713	-1
7482	7483	-1
7484	4327	-1
4309	7485	-1
7486	7487	-1
4312	7488	-1
4313	7489	-1
7490	7491	-1
7490	4355	-1
4316	7395	-1
4316	7492	-1
7493	7494	-1
4326	4685	-1
7491	7495	-1
4330	7496	-1
4333	4510	-1
7497	7498	-1
7499	7500	-1
7501	7502	-1
7503	4539	-1
7503	7504	-1
7503	7438	-1
4334	4543	-1
4335	7421	-1
7505	7506	-1
7505	7507	-1
7508	4471	-1
7509	7510	-1
7511	7492	-1
7511	7512	-1
7513	7514	-1
7515	4414	-1
7516	7517	-1
7516	7518	-1
4339	7519	-1
7520	7477	-1
7452	4360	-1
7496	4511	-1
4342	7521	-1
4342	7506	-1
4343	4687	-1
4344	7522	-1
7523	7524	-1
7523	7525	-1
4347	7526	-1
7527	7528	-1
4348	7529	-1
4348	7530	-1
7531	4446	-1
4353	4603	-1
7532	7533	-1
7532	7534	-1
7524	7535	-1
7536	7537	-1
7538	4649	-1
7539	7540	-1
4362	4375	-1
7485	7541	-1
7542	4507	-1
7443	7543	-1
4366	7544	-1
7495	7545	-1
7546	4624	-1
7419	7547	-1
7548	7455	-1
7391	7549	-1
7502	4522	-1
7502	7550	-1
7551	4568	-1
7429	7552	-1
7553	7554	-1
7553	7555	-1
7556	7557	-1
7558	7559	-1
7558	7550	-1
7558	7560	-1
7514	7522	-1
7561	4510	-1
4378	4588	-1
7562	7563	-1
4406	7564	-1
7565	4427	-1
7566	7567	-1
7566	7568	-1
4410	7461	-1
4411	7569	-1
4411	7570	-1
7543	7571	-1
7572	7573	-1
4413	7574	-1
7575	7576	-1
7554	7577	-1
7554	7487	-1
7554	7578	-1
7579	7580	-1
7581	4537	-1
7582	4489	-1
7420	7583	-1
7425	7584	-1
7585	7487	-1
7461	7586	-1
7587	7588	-1
7567	7589	-1
7421	7431	-1
7421	7590	-1
7591	7592	-1
7593	7594	-1
7595	7596	-1
7571	4494	-1
7597	7477	-1
4436	4680	-1
7598	7599	-1
4437	7600	-1
7528	7601	-1
7602	7603	-1
7540	7604	-1
4441	7605	-1
4441	4670	-1
7606	4502	-1
4443	7488	-1
7607	4486	-1
7607	7608	-1
7609	7488	-1
7609	7610	-1
7609	4664	-1
7609	7611	-1
4459	7612	-1
4459	4607	-1
4460	7613	-1
7614	7615	-1
7517	7616	-1
7617	7618	-1
7552	7619	-1
7620	7488	-1
7621	7622	-1
7612	7623	-1
4472	7624	-1
7625	7588	-1
7626	7627	-1
4484	7628	-1
7629	7630	-1
7629	7407	-1
7631	7462	-1
7631	7414	-1
7632	7633	-1
7634	7635	-1
7634	7636	-1
4504	7637	-1
4519	4693	-1
7638	7530	-1
7462	7639	-1
7462	7498	-1
7640	7534	-1
7568	7641	-1
7642	4631	-1
4521	7436	-1
4522	4682	-1
7613	7643	-1
7613	7530	-1
7644	7610	-1
7627	7645	-1
4528	7646	-1
7647	7648	-1
7604	7522	-1
7604	4664	-1
7649	7488	-1
7650	7630	-1
7650	7431	-1
7650	7651	-1
7652	7653	-1
4542	4596	-1
4546	4554	-1
4546	4639	-1
4546	7600	-1
7654	7431	-1
7654	4662	-1
7455	7655	-1
7455	7583	-1
7393	7656	-1
7657	4710	-1
7658	4639	-1
7659	7564	-1
7660	7661	-1
7662	4643	-1
7662	7663	-1
7664	7665	-1
4591	4697	-1
7666	7667	-1
7668	4671	-1
7668	7669	-1
4600	4684	-1
7670	7671	-1
7672	7673	-1
7577	7580	-1
7396	7633	-1
7674	7675	-1
7674	4659	-1
7488	7434	-1
7676	7677	-1
7440	7678	-1
7656	7679	-1
4618	7680	-1
7681	7682	-1
7683	4652	-1
4630	7550	-1
7684	7685	-1
7686	7687	-1
7688	7590	-1
7687	7689	-1
7549	7690	-1
7691	7498	-1
7574	7624	-1
7690	7633	-1
7599	7692	-1
7671	7693	-1
7679	7410	-1
4666	7646	-1
7694	7560	-1
7695	7498	-1
7696	7504	-1
4674	7628	-1
6126	7697	-1
6126	7698	-1
7699	7700	-1
5000	7701	-1